Chr05
21
21
24
24
24
26
26
27
27
28
29
29
32
32
35
35
35
35
35
37
37
37
39
40
42
42
42
46
47
48
48
49
51
57
58
59
61
61
63
64
68
69
81
89
93
94
105
120
121
148
164
184
190
209
233
236
254
301
305
307
309
309
310
310
311
312
313
314
314
314
316
317
319
323
324
324
325
326
326
328
332
335
337
340
341
345
346
346
346
349
350
352
352
353
353
354
354
354
355
355
356
356
357
358
358
359
361
363
363
363
364
364
364
364
365
366
367
367
368
370
370
371
371
371
372
372
372
375
375
376
376
376
376
377
378
379
379
379
380
380
381
381
382
382
383
383
384
385
385
385
386
387
388
389
389
390
391
394
395
395
395
396
397
399
401
403
404
404
405
405
406
407
411
413
415
426
427
432
434
447
448
452
457
458
469
477
511
537
563
568
574
579
614
658
682
794
795
834
837
838
849
863
874
933
982
1071
1111
1114
1122
1133
1142
1206
1252
1268
1294
1339
1400
1405
1436
1453
1458
1523
1539
1549
1585
1588
1595
1596
1626
1737
1757
1775
1804
1908
2011
2115
2252
2297
2329
2460
2571
2725
2954
2978
3062
3202
3204
3217
3386
3641
3646
3706
4006
4198
4226
4618
4765
4802
4881
4884
4967
5226
5374
5386
5419
5463
5504
5576
5707
6078
6163
6205
6760
6997
7357
7439
7562
9334
9701
9801
10313
11426
11624
11785
13198
14047
15018
16325
16626
18535
18586
19284
19340
19587
19686
20062
20234
21158
21854
22285
23243
23672
24756
25616
27021
28227
39306
43454
44293
48785
50247
50307
50546
50917
51194
58429
68042
75297
79706
84479
116566
122434
123154
139765
153665
157720
158593
197724
212326
229513
336634
486926
571022
3399942
4110114
4164725
5477278
5488807
5497326
5501297
8886003
8917243
21233681
29581261
29702896
the total of Chr05 is 345


