Chr03
17
18
21
22
22
22
22
22
24
24
25
25
25
26
26
27
27
27
27
27
27
28
28
28
28
29
29
29
29
29
30
30
31
31
31
32
33
33
33
33
35
35
36
37
38
38
40
40
40
40
41
42
43
43
44
44
44
45
46
46
47
49
49
49
50
51
51
51
52
54
55
56
56
57
58
58
60
64
64
65
67
67
70
70
71
74
78
80
81
82
82
99
99
100
101
106
109
113
114
117
118
126
134
136
140
142
148
157
161
167
168
179
180
181
188
195
203
203
208
222
235
242
247
259
263
299
300
303
303
309
309
309
311
312
312
315
317
322
322
323
323
327
327
330
331
337
338
339
342
344
346
346
348
350
353
353
357
358
359
363
365
367
367
368
369
370
370
371
371
373
374
374
374
376
378
379
379
379
382
385
386
387
388
388
389
390
390
391
392
392
394
396
398
398
399
405
407
409
414
417
420
451
454
457
462
469
470
479
483
492
495
544
580
601
609
613
615
628
647
653
664
667
668
675
703
764
776
806
832
847
870
881
883
935
967
1004
1042
1055
1055
1082
1094
1097
1140
1171
1176
1177
1230
1271
1284
1295
1334
1365
1370
1384
1394
1403
1494
1564
1581
1592
1622
1678
1693
1694
1731
1830
1867
1891
1948
1950
1967
1977
2094
2098
2106
2138
2162
2195
2255
2298
2301
2416
2458
2545
2571
2628
2674
2678
2735
2833
2858
2859
3019
3166
3297
3563
3576
3635
3695
3780
3781
3865
4211
4372
4611
4649
4727
4806
4944
5260
5737
5786
5873
5961
5965
6030
6200
6214
6569
6601
6608
6769
6926
7340
7382
7617
7672
7904
7949
8594
8644
9289
9307
9308
9645
9703
9757
10166
10198
10749
11376
11462
11613
11636
11860
12303
12390
12692
13874
14091
14652
14783
15083
15262
15793
16420
17159
17350
17454
17529
17803
18564
18928
19088
19457
19514
20059
20429
20477
21341
21391
22703
22981
23070
24990
25479
25587
31814
32800
33117
33602
34036
39210
40422
42475
42518
42969
49092
50195
51890
52123
61446
71015
87812
120671
132471
152414
193143
207138
232163
288346
380893
396556
459339
489985
758010
824918
826062
1257328
3219004
3384214
4046094
5761536
6708542
6904541
7411993
9849356
12354786
13403348
18885278
32146850
34187501
the total of Chr03 is 422


