Chr09
17
18
19
19
20
20
20
22
23
23
25
25
25
26
26
27
27
27
27
27
28
28
28
29
30
30
30
30
31
31
31
32
32
33
33
33
34
34
34
35
35
36
36
37
38
38
39
40
41
42
42
42
43
43
44
44
45
45
45
45
46
46
46
47
47
47
48
49
49
50
51
51
52
53
53
55
55
55
57
62
63
63
64
65
67
72
75
76
79
81
85
88
88
88
89
92
99
100
101
101
102
102
106
109
109
114
117
123
123
125
130
131
134
138
138
139
148
163
164
173
174
180
200
210
226
237
240
262
279
301
301
302
303
303
309
313
313
314
316
318
319
320
322
322
322
324
324
325
325
326
328
328
329
336
337
337
343
343
345
346
348
348
350
351
351
351
352
353
355
355
355
355
356
356
358
359
359
360
360
362
362
362
363
364
364
365
365
366
367
367
367
367
368
369
369
369
369
370
370
371
371
371
373
375
375
376
376
377
377
377
377
377
378
378
379
379
380
380
381
381
381
381
381
383
383
384
385
386
387
388
388
389
389
390
390
390
391
392
392
393
393
393
394
394
395
395
397
397
398
398
398
399
399
401
402
403
404
404
404
405
405
405
407
407
408
408
409
410
410
411
412
413
415
422
425
426
426
426
428
430
462
464
469
498
510
521
563
574
585
585
598
605
646
661
664
668
689
706
760
779
819
845
850
854
932
938
951
963
968
973
981
987
1030
1075
1079
1081
1088
1089
1094
1141
1145
1151
1174
1192
1218
1251
1256
1290
1316
1402
1507
1612
1655
1684
1698
1700
1730
1868
1937
2001
2012
2044
2103
2168
2261
2261
2262
2271
2278
2280
2313
2321
2323
2364
2377
2396
2432
2451
2480
2525
2561
2562
2564
2598
2686
2762
2840
2957
2986
3030
3042
3152
3244
3284
3547
3589
3642
3869
3898
3920
3964
4082
4095
4107
4207
4213
4325
4360
4440
4744
4816
4818
4986
5029
5220
5294
5383
5508
5536
5740
5788
5922
6030
6328
6469
6509
6753
6829
6866
7224
7287
7334
7607
7871
8315
8477
8711
8880
8925
9030
9079
9087
9191
9244
9271
9279
9717
9739
10602
10818
10908
10982
11043
11265
11359
11385
11502
11637
11678
12432
12557
13498
14427
14836
15158
16109
16765
16832
17314
18015
18119
18618
18964
19674
20022
20158
20445
20832
20856
21354
21422
22415
22519
22789
22809
23062
23166
25732
25832
26559
27619
27814
28134
30815
31209
32367
32608
33091
33113
34192
34712
35998
36223
36607
37004
38178
39367
40930
41864
41982
42191
43667
46815
47196
47597
48293
52175
52446
53179
55810
56900
58501
64219
79208
82457
82748
83462
84820
112796
114014
116038
118803
120170
121702
131011
139829
141486
162026
171297
174976
180904
194617
196053
197768
213066
215961
231187
280057
292882
836728
2300836
2339568
3648961
7543724
7922114
8284426
9662734
11339012
12901390
16709959
19090377
20839685
23844893
26467761
33899835
46933081
the total of Chr09 is 546


