Chr02
17
18
19
19
19
20
22
22
24
24
24
25
26
26
26
26
27
28
28
29
30
30
30
31
31
33
33
34
34
38
38
39
39
39
40
40
40
40
40
40
40
41
41
42
42
42
43
44
44
44
46
46
47
48
49
49
49
50
50
51
51
51
52
52
53
54
55
56
57
58
58
59
60
60
61
62
62
62
64
64
65
68
69
72
72
79
80
84
84
85
88
93
96
98
100
103
107
107
124
124
127
153
156
159
160
165
170
185
191
192
194
249
273
277
293
295
304
304
308
309
316
317
319
320
321
326
327
335
338
340
342
343
344
345
348
350
350
354
355
355
357
358
359
359
359
360
363
363
366
366
368
369
369
369
371
372
372
372
373
374
375
376
377
378
379
380
381
382
382
382
382
384
384
385
389
390
392
392
395
395
398
401
408
411
413
413
416
419
429
432
445
474
478
542
550
597
625
655
661
750
771
851
863
927
949
949
961
966
967
972
1006
1017
1026
1043
1045
1070
1100
1123
1182
1306
1328
1448
1602
1662
1705
1705
1842
1862
1984
2031
2254
2318
2330
2341
2370
2684
2710
3037
3125
3133
3281
3284
3365
3675
3755
3944
3980
4060
4332
4524
4541
4569
4571
4913
5118
5435
5446
5533
5816
6127
6492
6989
7004
7092
7297
7306
7478
8481
9409
9710
9836
10082
12412
13028
13259
13528
15118
15243
16331
16880
16882
17313
20461
23675
25225
29915
30570
30830
37259
48873
57968
63041
64130
77468
88056
107382
108450
120199
120726
126387
146607
211878
1929406
3342990
3622473
4008370
6567877
9608455
10766711
11302236
16490921
22926212
27359594
39040673
45029296
the total of Chr02 is 315


