Chr019
18
18
19
20
20
20
21
21
21
22
22
22
22
22
23
23
23
23
23
23
23
24
25
25
25
25
27
27
27
27
28
28
29
29
29
30
31
31
31
31
32
32
32
32
33
33
33
33
34
34
34
35
35
35
35
36
37
37
37
38
38
39
39
39
39
39
40
40
40
41
41
41
42
42
43
43
43
44
45
45
46
47
48
49
49
49
49
49
49
50
50
51
53
53
53
54
54
55
55
55
55
56
56
57
57
58
58
58
58
59
61
61
63
67
67
68
69
72
73
73
75
76
76
76
79
79
81
85
88
90
104
105
105
107
109
111
111
114
120
120
121
123
123
130
133
134
135
139
146
152
153
167
174
178
188
188
190
190
193
201
206
206
208
235
242
252
261
267
271
281
284
285
301
301
304
304
304
306
309
313
317
318
319
319
322
324
324
325
326
328
329
330
330
331
331
332
332
333
333
334
335
339
340
342
343
344
345
345
346
346
347
347
348
350
351
351
352
352
353
353
354
355
355
355
355
356
356
358
358
358
359
360
361
362
363
363
363
364
365
367
367
367
367
368
368
369
370
370
370
370
371
371
372
372
372
373
373
373
374
375
376
376
377
378
379
380
380
381
381
381
381
382
383
383
386
386
389
389
390
390
391
392
392
394
395
396
396
400
401
401
402
403
403
404
405
412
413
415
419
421
426
429
431
442
446
447
455
456
466
485
502
520
534
544
546
563
566
608
616
624
655
675
748
816
840
846
874
914
959
962
998
1005
1007
1066
1089
1113
1115
1122
1126
1133
1184
1190
1209
1221
1222
1277
1289
1298
1330
1371
1396
1422
1430
1502
1504
1528
1567
1648
1679
1684
1710
1757
1771
1795
1827
1834
1859
1912
2010
2050
2181
2292
2295
2361
2549
2571
2633
2635
2662
2864
2875
2890
3036
3209
3242
3274
3323
3362
3680
3682
3715
3849
3895
3949
3959
4253
4732
4791
4912
4915
5031
5082
5451
5629
5646
5751
5957
5966
6144
6255
6396
6582
6916
7190
7272
7581
7752
8478
8503
8551
8575
8576
9040
9071
9138
9286
9330
9698
9704
9769
9790
9811
9825
9899
10116
10190
10342
10389
10663
10864
10904
11110
12001
12399
13126
13376
13656
15472
15533
15836
16004
16089
16419
16758
17051
17212
17303
17351
17558
17782
18052
18259
18495
18658
18942
19603
19834
19853
19887
19913
20078
20135
20447
20901
21142
21573
21788
22251
22404
22424
22572
22757
22759
23335
24638
24729
25040
25666
26207
26633
26952
27264
28290
28686
28844
29214
29290
29619
30147
30442
31333
31934
32538
33442
33976
34313
35246
35478
37588
37602
48365
53512
55893
58572
66591
67200
70083
70145
71937
72578
76916
79755
80275
92052
350754
948017
978114
1227420
2748455
3023125
4202452
5372239
6612957
7100315
7658283
7705917
7731815
7733408
7734480
8701838
9553854
9855502
9868951
10084981
10841495
10879130
19806804
25352990
25773743
30971350
31766319
32025875
39876765
the total of Chr019 is 553


