Chr011
18
22
26
26
26
27
30
31
31
31
33
33
35
37
37
38
43
43
44
53
55
56
58
60
61
63
63
64
66
66
67
68
73
81
84
87
89
103
109
115
119
120
134
135
142
163
176
180
190
254
288
300
306
311
311
314
318
318
329
330
330
334
334
336
337
338
339
342
345
346
350
356
359
360
361
362
366
366
368
369
372
373
373
373
376
377
380
382
382
382
384
386
387
390
391
398
402
403
408
410
412
414
435
460
483
534
536
560
731
738
977
1013
1372
1466
1637
2000
2008
2262
2374
2402
2983
3144
3212
3234
3846
3983
4079
4462
4703
4984
5536
7176
7822
8331
8350
9732
9769
10085
10778
10840
11606
11693
16897
17657
18101
19769
19777
19950
20179
21072
22549
23791
36802
46220
64291
68276
83597
88652
93140
431515
2140133
3577335
9489536
10496935
11482789
14081791
15272601
15807263
19287563
27485126
the total of Chr011 is 170


