Chr017
17
19
19
21
23
24
24
25
25
26
26
26
27
28
29
29
29
30
31
34
35
35
37
37
38
38
39
41
48
50
53
53
54
55
56
60
60
61
61
62
62
62
71
79
80
81
82
82
87
92
101
103
105
106
121
121
137
140
142
156
189
223
230
236
271
283
295
300
308
315
316
317
318
320
322
323
323
327
328
329
330
330
332
333
335
337
339
339
341
346
346
346
349
353
354
358
359
359
359
360
360
360
361
361
362
362
362
363
364
367
368
368
369
371
373
375
375
376
376
379
379
381
381
382
383
383
383
383
384
384
385
388
389
389
389
390
403
403
403
404
405
411
411
417
417
419
421
438
446
461
483
484
486
526
539
540
640
652
686
705
725
790
801
804
811
831
854
855
913
930
1096
1098
1115
1177
1197
1213
1218
1220
1280
1311
1347
1378
1646
1675
1701
1723
1846
2082
2192
2305
2474
2554
2633
2642
2984
3066
3186
3354
3766
3967
4337
4341
4362
4438
4671
4732
4919
4937
5028
5332
5406
5489
5533
5582
5991
6228
6281
6391
6588
7586
7780
8164
8227
8568
8774
9168
9262
10564
15682
16303
16956
17054
18152
18627
18777
20008
24881
27121
28122
29184
36577
41327
42923
47648
48666
49358
51366
56307
66812
553243
1230488
1999983
2854294
5419227
6667732
9390341
16596027
22593765
28227567
the total of Chr017 is 259


