Chr012
19
20
20
21
22
23
23
24
29
30
32
32
36
36
38
38
41
43
43
44
44
45
45
47
47
55
57
57
62
63
64
73
78
80
81
84
84
97
98
104
104
113
124
125
168
178
196
247
279
300
301
302
306
308
310
311
312
314
319
331
332
335
338
340
340
342
344
344
351
351
353
354
354
354
356
356
357
360
361
364
365
365
367
367
368
369
369
369
370
370
370
374
375
377
379
380
381
383
384
387
388
388
389
391
391
394
397
397
397
398
398
400
402
404
406
406
407
409
413
415
417
420
421
423
429
450
451
455
457
460
481
504
529
593
712
796
814
817
891
906
914
928
941
1038
1060
1106
1164
1192
1448
1519
1666
1880
2892
3086
3197
3656
3873
3892
3903
4115
4128
4305
4639
4903
5051
5113
5215
5277
5342
5392
5531
6505
6508
6943
6961
7140
7224
7253
7282
7554
8612
8623
8968
9364
9417
9423
9575
10852
11734
13575
13613
13852
14172
14670
15011
15239
16231
16954
17025
18002
18428
18552
19173
19508
19967
21230
22673
23356
24495
27902
28804
29525
31238
31528
35090
38044
40001
44021
50591
55409
59208
88909
100766
145460
2444093
4549563
5641088
7765624
29043450
31085725
33649417
37180368
the total of Chr012 is 232


