Chr014
18
19
23
24
26
26
26
27
28
28
29
29
29
31
31
31
33
35
38
38
38
38
39
40
43
43
43
44
44
45
45
46
47
47
49
51
52
53
54
56
56
61
61
64
67
68
70
73
77
77
81
84
88
88
106
107
111
114
118
133
145
147
154
157
162
163
165
168
175
200
210
247
273
281
285
311
314
315
318
318
319
320
322
325
326
328
330
330
332
333
335
338
339
339
339
341
342
342
344
346
347
347
351
354
355
357
358
359
360
362
362
362
363
364
364
365
365
365
365
367
367
368
369
370
370
370
373
375
375
376
376
377
378
378
379
380
380
380
381
381
381
382
385
385
386
386
388
388
389
389
390
390
391
392
392
393
394
394
395
395
395
396
397
397
399
399
401
402
402
403
404
408
408
411
411
413
414
414
417
423
425
425
428
429
443
448
459
460
473
482
497
561
566
582
586
622
661
681
689
693
696
724
732
810
909
968
969
1011
1037
1185
1275
1316
1321
1333
1396
1584
1720
1808
1831
1992
2188
2256
2541
2806
2810
2947
3170
3335
3345
3529
3635
3678
3954
4070
4251
4316
4336
4375
4376
4652
4666
4671
4727
4854
4916
5402
5491
5619
5670
6211
6451
6498
6558
7116
7620
8371
9304
9618
9716
9727
9808
9864
10376
10729
11613
11968
12625
12744
12825
13110
13193
14213
18555
19473
19530
19697
19907
20297
21577
21804
21864
22518
23161
23957
24202
24256
24645
25069
25311
25592
26955
26973
27742
29444
30129
32029
34118
35376
37118
37464
43738
44379
44623
48707
52832
61970
80567
204781
242897
243694
290923
514018
581387
1443326
1913275
3359680
4274058
4394751
4689164
6576414
6592254
7636210
7934724
8360733
10657722
11205211
11402236
17172989
19014273
21087065
21110543
24256039
27319407
29536305
31069919
37189635
40744740
46354248
the total of Chr014 is 338


