Chr020
17
18
19
19
20
20
23
23
24
24
24
24
25
26
26
27
29
29
30
31
33
33
33
34
34
34
34
35
36
36
37
39
39
39
43
43
44
44
44
44
46
46
46
48
51
52
53
54
58
58
59
59
61
63
63
63
64
64
65
69
73
75
76
78
83
87
90
93
93
93
101
103
118
121
131
136
152
162
172
173
182
183
207
217
242
248
255
261
301
304
308
309
310
311
311
314
318
318
319
326
326
327
332
332
332
334
335
335
335
337
338
340
341
341
342
342
345
346
348
348
348
349
349
350
351
354
355
357
357
358
359
359
359
360
361
363
363
364
364
364
365
366
366
367
368
369
369
369
371
371
372
373
373
374
374
375
375
375
376
377
378
379
379
380
382
383
383
383
383
383
384
385
385
386
386
387
387
390
390
390
390
390
391
393
394
394
394
399
400
400
400
401
403
404
405
405
412
422
428
430
430
431
455
467
500
567
568
583
587
599
608
643
658
682
834
878
905
935
940
971
971
985
1001
1003
1003
1028
1062
1103
1171
1181
1218
1226
1248
1256
1278
1316
1317
1344
1435
1458
1491
1514
1564
1615
1656
1794
1816
1835
1841
1907
2002
2031
2052
2068
2077
2256
2356
2372
2524
2663
2726
2857
2883
2955
3255
3323
3356
3529
3624
3683
3877
3971
3989
4202
4319
4429
4640
4660
4752
4788
4791
4939
5047
5144
5231
5407
5630
5646
5828
5877
5985
6023
6167
6206
6657
6794
6814
6829
6918
7081
7091
7387
7697
7712
7796
7891
8117
8357
8483
8812
9100
9185
9370
9783
10652
10690
10696
11023
11456
11550
11622
11844
12674
13129
13134
13360
14485
14763
15067
16133
17322
17682
18372
18722
19749
19769
20085
20575
20934
22472
23680
25910
27194
27972
28357
31380
31420
31847
36049
39022
39121
40659
46735
49760
55168
58108
76363
116468
145185
168129
201468
560422
1053566
1129336
3531341
4433231
6652493
6701613
7904116
11477397
11620623
11772173
11995768
12734523
16441737
17147503
17466163
17918553
19091696
19472452
21025687
22014625
22150222
27897469
the total of Chr020 is 384


