Chr03
170
728
1819
3153
3396
8742
10106
25695
36428
36830
39255
42372
63865
125429
194876
208650
297115
397943
592314
594238
632203
632449
654170
670744
670877
684863
686397
707572
715821
784547
788397
801478
1152463
1940401
2487856
2844124
2868175
3482997
3675718
4149677
4759017
5233441
5539273
5720889
5737034
6370134
7650654
9808558
9875440
9875600
10388363
11203967
11518869
12252624
12543337
13118184
13118226
13319484
14356447
14356629
14381108
14506299
16822916
20763567
21220921
22294863
27648269
28982108
29621330
29962482
29962767
32817502
the total of Chr03 is 72


