CHR	start     	end       	length    
Chr01	340083    	39913491  	39573408  
Chr01	1400163   	1400852   	689       
Chr01	1821710   	4502220   	2680510   
Chr01	2166443   	8552086   	6385643   
Chr01	4208867   	13315071  	9106204   
Chr01	4966803   	12830471  	7863668   
Chr01	5310310   	40852067  	35541757  
Chr01	6159478   	34654014  	28494536  
Chr01	6486103   	13756156  	7270053   
Chr01	6954519   	36711660  	29757141  
Chr01	7150026   	35142459  	27992433  
Chr01	7695308   	7696100   	792       
Chr01	7754966   	7755203   	237       
Chr01	7916909   	16733784  	8816875   
Chr01	8229779   	18133309  	9903530   
Chr01	8571744   	11724545  	3152801   
Chr01	9033702   	55698760  	46665058  
Chr01	9056340   	56484348  	47428008  
Chr01	9119421   	9127170   	7749      
Chr01	10124533  	48200176  	38075643  
Chr01	10124630  	48200010  	38075380  
Chr01	10410382  	22075876  	11665494  
Chr01	10540289  	30094796  	19554507  
Chr01	11076306  	41990826  	30914520  
Chr01	12034486  	25863883  	13829397  
Chr01	12200946  	15385331  	3184385   
Chr01	12959010  	13341912  	382902    
Chr01	16582527  	23279483  	6696956   
Chr01	16674405  	35766852  	19092447  
Chr01	17624431  	19187086  	1562655   
Chr01	17719295  	28988149  	11268854  
Chr01	18009938  	31231123  	13221185  
Chr01	18039018  	22007042  	3968024   
Chr01	18065872  	21228439  	3162567   
Chr01	19588289  	21335663  	1747374   
Chr01	20141862  	41384724  	21242862  
Chr01	21054319  	22430165  	1375846   
Chr01	21319162  	36481647  	15162485  
Chr01	21751499  	38275264  	16523765  
Chr01	21870032  	21926950  	56918     
Chr01	22406981  	42621347  	20214366  
Chr01	24912282  	40906691  	15994409  
Chr01	25489736  	25489909  	173       
Chr01	26756841  	35975686  	9218845   
Chr01	28409851  	31374984  	2965133   
Chr01	29522322  	35766909  	6244587   
Chr01	30191482  	53488123  	23296641  
Chr01	30619604  	33046633  	2427029   
Chr01	30914424  	32152921  	1238497   
Chr01	31624536  	39579025  	7954489   
Chr01	31654362  	53488660  	21834298  
Chr01	31654614  	53488627  	21834013  
Chr01	32734786  	40781501  	8046715   
Chr01	32734988  	49097269  	16362281  
Chr01	32987574  	46503703  	13516129  
Chr01	32987708  	46503831  	13516123  
Chr01	33858569  	46503579  	12645010  
Chr01	34358094  	53211505  	18853411  
Chr01	34690587  	37065494  	2374907   
Chr01	35648104  	55374717  	19726613  
Chr01	35678286  	53489529  	17811243  
Chr01	35678518  	53489356  	17810838  
Chr01	37164650  	37196478  	31828     
Chr01	39579401  	49097274  	9517873   
Chr01	40222880  	56248928  	16026048  
Chr01	42485243  	42496133  	10890     
Chr01	42494758  	42773502  	278744    
Chr01	46197362  	50414281  	4216919   
Chr01	46505197  	46505462  	265       
Chr01	53489329  	55393034  	1903705   
Chr02	1387868   	45030906  	43643038  
Chr02	3175248   	27514640  	24339392  
Chr02	3332791   	41565399  	38232608  
Chr02	4312683   	4312851   	168       
Chr02	4901739   	36616954  	31715215  
Chr02	5229713   	5249734   	20021     
Chr02	6621734   	24257854  	17636120  
Chr02	9121175   	32694082  	23572907  
Chr02	9378464   	36181174  	26802710  
Chr02	11259319  	13759386  	2500067   
Chr02	17611251  	17611368  	117       
Chr02	18018317  	27125249  	9106932   
Chr02	18493240  	29376664  	10883424  
Chr02	18778346  	23340123  	4561777   
Chr02	18778498  	23340086  	4561588   
Chr02	19823900  	20256504  	432604    
Chr02	20528505  	25026312  	4497807   
Chr02	21373578  	33383725  	12010147  
Chr02	22482292  	25654859  	3172567   
Chr02	23935662  	38975711  	15040049  
Chr02	25434466  	27981690  	2547224   
Chr02	27232439  	32352014  	5119575   
Chr02	28860976  	37468709  	8607733   
Chr02	31751717  	34850332  	3098615   
Chr02	37406205  	38929814  	1523609   
Chr02	45688993  	45689295  	302       
Chr03	51658     	53477     	1819      
Chr03	2068524   	2263400   	194876    
Chr03	2615796   	2658168   	42372     
Chr03	2617926   	2657181   	39255     
Chr03	3059016   	8796050   	5737034   
Chr03	3060572   	8781461   	5720889   
Chr03	3270227   	36087729  	32817502  
Chr03	3439490   	33402257  	29962767  
Chr03	3439550   	33402032  	29962482  
Chr03	3783887   	18140334  	14356447  
Chr03	3784012   	18140641  	14356629  
Chr03	3783996   	18165104  	14381108  
Chr03	4028971   	4054666   	25695     
Chr03	4044472   	4169901   	125429    
Chr03	4075692   	4877170   	801478    
Chr03	4123389   	4794266   	670877    
Chr03	4123510   	4794254   	670744    
Chr03	4123887   	4831459   	707572    
Chr03	4125672   	4914069   	788397    
Chr03	4149543   	4934090   	784547    
Chr03	4158893   	4874714   	715821    
Chr03	4169914   	4802363   	632449    
Chr03	4170078   	4802281   	632203    
Chr03	4199713   	4597656   	397943    
Chr03	4200148   	4794386   	594238    
Chr03	4200872   	4855042   	654170    
Chr03	4201010   	4793324   	592314    
Chr03	4218154   	4904551   	686397    
Chr03	4219072   	4903935   	684863    
Chr03	4332953   	33315061  	28982108  
Chr03	7127651   	7424766   	297115    
Chr03	7264565   	20382791  	13118226  
Chr03	7264657   	20382841  	13118184  
Chr03	9131163   	19519526  	10388363  
Chr03	9326663   	9326833   	170       
Chr03	9735559   	9744301   	8742      
Chr03	10036937  	39658267  	29621330  
Chr03	10217528  	16587662  	6370134   
Chr03	10243663  	32538526  	22294863  
Chr03	10918423  	10921576  	3153      
Chr03	11540636  	24083973  	12543337  
Chr03	11566573  	11775223  	208650    
Chr03	11998218  	15673936  	3675718   
Chr03	12217132  	22025690  	9808558   
Chr03	12873762  	27380061  	14506299  
Chr03	13091309  	15959484  	2868175   
Chr03	13383438  	15871294  	2487856   
Chr03	13800596  	35021517  	21220921  
Chr03	14028554  	34792121  	20763567  
Chr03	14096445  	41744714  	27648269  
Chr03	14767548  	14777654  	10106     
Chr03	14774492  	14777888  	3396      
Chr03	16089528  	20848545  	4759017   
Chr03	16116293  	21349734  	5233441   
Chr03	18246318  	28121918  	9875600   
Chr03	18246561  	28122001  	9875440   
Chr03	20169462  	24319139  	4149677   
Chr03	21676441  	25159438  	3482997   
Chr03	21827864  	35147348  	13319484  
Chr03	22217631  	25061755  	2844124   
Chr03	23588129  	24740592  	1152463   
Chr03	25222200  	32872854  	7650654   
Chr03	26254392  	37773261  	11518869  
Chr03	28610955  	45433871  	16822916  
Chr03	28823222  	40027189  	11203967  
Chr03	31649605  	43902229  	12252624  
Chr03	34307312  	34371177  	63865     
Chr03	35354457  	35355185  	728       
Chr03	36256541  	41795814  	5539273   
Chr03	38053598  	38090428  	36830     
Chr03	38053795  	38090223  	36428     
Chr03	40584308  	42524709  	1940401   
Chr04	1062527   	12472823  	11410296  
Chr04	2580547   	27205500  	24624953  
Chr04	3109885   	3110212   	327       
Chr04	4585816   	45270870  	40685054  
Chr04	7411524   	16076767  	8665243   
Chr04	9573807   	33841813  	24268006  
Chr04	9574005   	33841986  	24267981  
Chr04	9589855   	9833097   	243242    
Chr04	9590615   	9831996   	241381    
Chr04	10140270  	10330850  	190580    
Chr04	10317927  	34337888  	24019961  
Chr04	10354059  	10355322  	1263      
Chr04	10637034  	11071880  	434846    
Chr04	11554200  	50581727  	39027527  
Chr04	11767806  	15031494  	3263688   
Chr04	11820718  	11823403  	2685      
Chr04	11823927  	18397923  	6573996   
Chr04	11824104  	18397708  	6573604   
Chr04	12716348  	33798459  	21082111  
Chr04	13052368  	13170677  	118309    
Chr04	13591735  	41503583  	27911848  
Chr04	15617460  	15617613  	153       
Chr04	16157763  	20561756  	4403993   
Chr04	16842149  	16842386  	237       
Chr04	18031397  	21126209  	3094812   
Chr04	18647489  	39755393  	21107904  
Chr04	19182266  	27327691  	8145425   
Chr04	19712856  	20140927  	428071    
Chr04	20001462  	20001627  	165       
Chr04	20035625  	39089419  	19053794  
Chr04	20035749  	39089287  	19053538  
Chr04	20114890  	22027909  	1913019   
Chr04	20115045  	22027769  	1912724   
Chr04	21378742  	43454756  	22076014  
Chr04	21577711  	26029726  	4452015   
Chr04	21577717  	26030860  	4453143   
Chr04	21578125  	25947615  	4369490   
Chr04	21578210  	26026763  	4448553   
Chr04	21822351  	22743271  	920920    
Chr04	21954375  	25562081  	3607706   
Chr04	21954470  	25561302  	3606832   
Chr04	22031919  	40966139  	18934220  
Chr04	22153865  	39136872  	16983007  
Chr04	22237555  	30683617  	8446062   
Chr04	22301978  	32466938  	10164960  
Chr04	23060206  	31947295  	8887089   
Chr04	23166209  	43723456  	20557247  
Chr04	23166186  	39247260  	16081074  
Chr04	24538904  	32313419  	7774515   
Chr04	24637376  	33520492  	8883116   
Chr04	24677053  	29715860  	5038807   
Chr04	25558864  	43422938  	17864074  
Chr04	25563445  	43423039  	17859594  
Chr04	25894804  	37439792  	11544988  
Chr04	25944059  	35343640  	9399581   
Chr04	25975053  	35343530  	9368477   
Chr04	26915600  	34331823  	7416223   
Chr04	27550650  	49938926  	22388276  
Chr04	28724388  	29301840  	577452    
Chr04	29906818  	33399510  	3492692   
Chr04	30670421  	34134946  	3464525   
Chr04	31183395  	41135613  	9952218   
Chr04	33842119  	50860140  	17018021  
Chr04	33842230  	33842372  	142       
Chr04	33843180  	49313359  	15470179  
Chr04	33843670  	33843852  	182       
Chr04	35074980  	35075196  	216       
Chr04	37525083  	38225027  	699944    
Chr04	38321107  	44148998  	5827891   
Chr04	40286399  	42967226  	2680827   
Chr04	41597880  	41861766  	263886    
Chr04	41598089  	42257578  	659489    
Chr04	42257790  	42263654  	5864      
Chr04	46272644  	46295530  	22886     
Chr04	46497821  	46497988  	167       
Chr04	47465024  	47833917  	368893    
Chr05	3703975   	40466425  	36762450  
Chr05	4606498   	31581777  	26975279  
Chr05	4917949   	26781978  	21864029  
Chr05	5024538   	36073039  	31048501  
Chr05	5753345   	34732017  	28978672  
Chr05	5753616   	34732057  	28978441  
Chr05	6758490   	15000875  	8242385   
Chr05	7920091   	12908699  	4988608   
Chr05	8974919   	21734964  	12760045  
Chr05	9503122   	29396197  	19893075  
Chr05	10510245  	25213059  	14702814  
Chr05	10581864  	10582070  	206       
Chr05	12624714  	28964237  	16339523  
Chr05	13816723  	23292159  	9475436   
Chr05	14104566  	17876443  	3771877   
Chr05	14498732  	29429639  	14930907  
Chr05	14965895  	14966018  	123       
Chr05	14966063  	37664220  	22698157  
Chr05	16230727  	16943410  	712683    
Chr05	16230724  	16939684  	708960    
Chr05	16251888  	16945923  	694035    
Chr05	16253838  	16943226  	689388    
Chr05	16253968  	16941763  	687795    
Chr05	16254006  	16731468  	477462    
Chr05	16261767  	16943443  	681676    
Chr05	16261836  	16961902  	700066    
Chr05	16262618  	16946281  	683663    
Chr05	16270137  	16945663  	675526    
Chr05	16274338  	16943632  	669294    
Chr05	16312507  	21724796  	5412289   
Chr05	16351744  	16659915  	308171    
Chr05	16358604  	21721001  	5362397   
Chr05	17654498  	21043454  	3388956   
Chr05	18791659  	20100020  	1308361   
Chr05	19079440  	24450984  	5371544   
Chr05	19079570  	24451118  	5371548   
Chr05	20142740  	29477067  	9334327   
Chr05	20849527  	29663747  	8814220   
Chr05	20888805  	20891119  	2314      
Chr05	20888839  	20891121  	2282      
Chr05	21720610  	21847355  	126745    
Chr05	21724691  	21844717  	120026    
Chr05	21732812  	21755007  	22195     
Chr05	21733070  	21756124  	23054     
Chr05	21733200  	21755796  	22596     
Chr05	21733875  	21755454  	21579     
Chr05	21734227  	21755035  	20808     
Chr05	21734812  	21755277  	20465     
Chr05	21734948  	21755237  	20289     
Chr05	21739280  	21764017  	24737     
Chr05	21740185  	21760961  	20776     
Chr05	21747636  	21760747  	13111     
Chr05	24322095  	27949946  	3627851   
Chr05	28408454  	29533302  	1124848   
Chr05	29019267  	29030028  	10761     
Chr05	29582191  	29583039  	848       
Chr05	33069436  	33069646  	210       
Chr05	34061330  	36879905  	2818575   
Chr05	36200061  	36226751  	26690     
Chr05	39126560  	39127488  	928       
Chr06	1427786   	1437207   	9421      
Chr06	2807356   	2807585   	229       
Chr06	4501071   	39165725  	34664654  
Chr06	6592206   	31520920  	24928714  
Chr06	8310231   	8315341   	5110      
Chr06	9302384   	43320633  	34018249  
Chr06	10014142  	37361128  	27346986  
Chr06	11353852  	16627443  	5273591   
Chr06	11544001  	44224989  	32680988  
Chr06	11681869  	19200006  	7518137   
Chr06	13184606  	42062899  	28878293  
Chr06	14929946  	16603401  	1673455   
Chr06	15453963  	19729684  	4275721   
Chr06	16932318  	16932527  	209       
Chr06	17606792  	18397003  	790211    
Chr06	17645674  	20154253  	2508579   
Chr06	17955619  	48288954  	30333335  
Chr06	18626506  	18628170  	1664      
Chr06	19555537  	26278910  	6723373   
Chr06	20224402  	26578358  	6353956   
Chr06	21366107  	21738323  	372216    
Chr06	23309265  	47118186  	23808921  
Chr06	23309314  	47118491  	23809177  
Chr06	24828144  	25757302  	929158    
Chr06	25128687  	25791084  	662397    
Chr06	25851129  	25920006  	68877     
Chr06	26395810  	26415259  	19449     
Chr06	27360423  	29735377  	2374954   
Chr06	27738213  	30234703  	2496490   
Chr06	28258997  	28259209  	212       
Chr06	28542196  	28564224  	22028     
Chr06	29863811  	29864005  	194       
Chr06	30595984  	30599570  	3586      
Chr06	30596105  	30599483  	3378      
Chr06	30898230  	33327903  	2429673   
Chr06	32910129  	42785128  	9874999   
Chr06	33193583  	41812031  	8618448   
Chr06	33291668  	38007858  	4716190   
Chr06	33689529  	34271525  	581996    
Chr06	34009726  	37210400  	3200674   
Chr06	37476835  	37613028  	136193    
Chr06	37537907  	40732841  	3194934   
Chr06	39116874  	43387752  	4270878   
Chr06	40629172  	45261434  	4632262   
Chr06	41043249  	41043420  	171       
Chr06	42951395  	42951504  	109       
Chr06	43306888  	47529104  	4222216   
Chr06	45088841  	45731434  	642593    
Chr06	45808747  	45809150  	403       
Chr06	46409325  	46435363  	26038     
Chr06	47118351  	47118504  	153       
Chr06	48670756  	48740515  	69759     
Chr07	96847     	97020     	173       
Chr07	1531369   	1531879   	510       
Chr07	2167738   	13733644  	11565906  
Chr07	3076197   	25068006  	21991809  
Chr07	4933267   	21761195  	16827928  
Chr07	5007309   	41039994  	36032685  
Chr07	5561794   	5834081   	272287    
Chr07	5563873   	5832242   	268369    
Chr07	5564603   	5831617   	267014    
Chr07	5571319   	5866880   	295561    
Chr07	5575053   	5820294   	245241    
Chr07	5600811   	5894782   	293971    
Chr07	5600916   	5825372   	224456    
Chr07	5602491   	5824218   	221727    
Chr07	5602484   	5893312   	290828    
Chr07	5704182   	5820152   	115970    
Chr07	5704267   	5889829   	185562    
Chr07	5718847   	5894823   	175976    
Chr07	5719178   	5868581   	149403    
Chr07	5719294   	5868469   	149175    
Chr07	5719531   	5825208   	105677    
Chr07	5725607   	5888811   	163204    
Chr07	5967485   	5968927   	1442      
Chr07	6049779   	44323918  	38274139  
Chr07	7204775   	30034048  	22829273  
Chr07	8906344   	15665317  	6758973   
Chr07	10678208  	13573339  	2895131   
Chr07	10763425  	13758485  	2995060   
Chr07	13341246  	13341422  	176       
Chr07	15437086  	35472734  	20035648  
Chr07	20593351  	31219607  	10626256  
Chr07	20747541  	22542267  	1794726   
Chr07	20747539  	22545285  	1797746   
Chr07	21995466  	31213663  	9218197   
Chr07	22271351  	24685009  	2413658   
Chr07	22282505  	24690962  	2408457   
Chr07	22545350  	22760042  	214692    
Chr07	23014361  	25341367  	2327006   
Chr07	23165551  	23246270  	80719     
Chr07	23168344  	26109899  	2941555   
Chr07	23438346  	28629658  	5191312   
Chr07	23523433  	23598031  	74598     
Chr07	24619176  	24621117  	1941      
Chr07	24619555  	24621860  	2305      
Chr07	25804068  	27329850  	1525782   
Chr07	25834963  	27672077  	1837114   
Chr07	26532335  	32754831  	6222496   
Chr07	26646226  	30163510  	3517284   
Chr07	26692736  	27582077  	889341    
Chr07	27808905  	28169365  	360460    
Chr07	28457064  	31827702  	3370638   
Chr07	33213449  	42756879  	9543430   
Chr07	35472124  	43914274  	8442150   
Chr08	1163929   	23444362  	22280433  
Chr08	2050381   	45393888  	43343507  
Chr08	4132344   	21191666  	17059322  
Chr08	5535167   	6835288   	1300121   
Chr08	6116315   	6116585   	270       
Chr08	6309657   	15321982  	9012325   
Chr08	8115132   	19577656  	11462524  
Chr08	11108654  	13365837  	2257183   
Chr08	11108842  	13364933  	2256091   
Chr08	12253596  	12254563  	967       
Chr08	12441280  	14685932  	2244652   
Chr08	12749230  	13328977  	579747    
Chr08	13198845  	13199008  	163       
Chr08	13500132  	18716183  	5216051   
Chr08	14244238  	20617273  	6373035   
Chr08	16185332  	36301349  	20116017  
Chr08	16453540  	37362545  	20909005  
Chr08	18594526  	39728691  	21134165  
Chr08	19402397  	25290548  	5888151   
Chr08	19945224  	47500577  	27555353  
Chr08	23524466  	46524374  	22999908  
Chr08	24970953  	28731675  	3760722   
Chr08	25775801  	37600007  	11824206  
Chr08	27139611  	41249551  	14109940  
Chr08	29383975  	29449380  	65405     
Chr08	31064891  	31095776  	30885     
Chr08	31663202  	31663694  	492       
Chr08	31663385  	31663534  	149       
Chr08	32400365  	32400658  	293       
Chr08	38324567  	38324714  	147       
Chr08	39310673  	40577969  	1267296   
Chr08	41903699  	41903830  	131       
Chr08	47421498  	47421660  	162       
Chr09	1137465   	41260061  	40122596  
Chr09	1203476   	20485139  	19281663  
Chr09	1700219   	1708004   	7785      
Chr09	2169342   	48058989  	45889647  
Chr09	2240757   	2241071   	314       
Chr09	2244605   	2244752   	147       
Chr09	3732203   	33304377  	29572174  
Chr09	5290062   	5290228   	166       
Chr09	5290338   	40342786  	35052448  
Chr09	5290364   	5290492   	128       
Chr09	5290362   	35889304  	30598942  
Chr09	6941420   	14981485  	8040065   
Chr09	8347355   	24283267  	15935912  
Chr09	8409396   	47558907  	39149511  
Chr09	9354559   	15449948  	6095389   
Chr09	10344378  	49672996  	39328618  
Chr09	13565469  	24654384  	11088915  
Chr09	13669229  	15323196  	1653967   
Chr09	14723535  	19944284  	5220749   
Chr09	16608980  	46854651  	30245671  
Chr09	17646259  	31609957  	13963698  
Chr09	21172216  	21177504  	5288      
Chr09	22604759  	26040768  	3436009   
Chr09	22711685  	25658347  	2946662   
Chr09	23444947  	24367086  	922139    
Chr09	25658337  	25875134  	216797    
Chr09	26568052  	47114208  	20546156  
Chr09	28445308  	33828738  	5383430   
Chr09	28953167  	42909190  	13956023  
Chr09	29608229  	29618815  	10586     
Chr09	29976431  	29980755  	4324      
Chr09	33307194  	38824572  	5517378   
Chr09	33307675  	38824249  	5516574   
Chr09	34689865  	43604558  	8914693   
Chr09	38824262  	38824381  	119       
Chr09	38824453  	38824603  	150       
Chr09	39951280  	40321910  	370630    
Chr09	41692262  	45327991  	3635729   
Chr09	47221127  	48670728  	1449601   
Chr10	269626    	30866979  	30597353  
Chr10	3688565   	34272373  	30583808  
Chr10	3817792   	13413450  	9595658   
Chr10	3817812   	13410983  	9593171   
Chr10	3818821   	13410875  	9592054   
Chr10	3818879   	13413310  	9594431   
Chr10	5541015   	48351937  	42810922  
Chr10	5664273   	5707784   	43511     
Chr10	6272977   	9800797   	3527820   
Chr10	6306816   	7385902   	1079086   
Chr10	6784411   	23445350  	16660939  
Chr10	6878078   	9389614   	2511536   
Chr10	8303177   	28020593  	19717416  
Chr10	10309730  	23563626  	13253896  
Chr10	10634978  	13669211  	3034233   
Chr10	10804589  	28368978  	17564389  
Chr10	10989714  	15473211  	4483497   
Chr10	11550935  	20978544  	9427609   
Chr10	11595594  	11597462  	1868      
Chr10	11983940  	11984059  	119       
Chr10	13421971  	33338850  	19916879  
Chr10	13832074  	18930690  	5098616   
Chr10	14174830  	29406754  	15231924  
Chr10	14218452  	14305438  	86986     
Chr10	14420922  	18684445  	4263523   
Chr10	14542621  	33137255  	18594634  
Chr10	14542812  	34560263  	20017451  
Chr10	14724016  	18643898  	3919882   
Chr10	14731185  	18636750  	3905565   
Chr10	15060660  	46191235  	31130575  
Chr10	16151256  	33137431  	16986175  
Chr10	17057470  	19009095  	1951625   
Chr10	17272754  	29315788  	12043034  
Chr10	17333344  	22407533  	5074189   
Chr10	18029378  	50724909  	32695531  
Chr10	20661094  	20661448  	354       
Chr10	22739602  	28446722  	5707120   
Chr10	25449893  	34295231  	8845338   
Chr10	26269591  	33244689  	6975098   
Chr10	28418586  	45933689  	17515103  
Chr10	30848353  	38731650  	7883297   
Chr10	34522720  	34526153  	3433      
Chr10	34525507  	34525691  	184       
Chr10	34748962  	34749128  	166       
Chr10	38324998  	39823460  	1498462   
Chr10	39212020  	50558869  	11346849  
Chr10	40345823  	40346328  	505       
Chr10	41450356  	41450498  	142       
Chr10	42341285  	42351509  	10224     
Chr10	47549576  	51150453  	3600877   
Chr10	48082035  	48104783  	22748     
Chr11	369978    	963952    	593974    
Chr11	391057    	15363108  	14972051  
Chr11	963968    	6090741   	5126773   
Chr11	963957    	25378011  	24414054  
Chr11	1722486   	28944339  	27221853  
Chr11	1816588   	20078105  	18261517  
Chr11	3778623   	3778746   	123       
Chr11	3952617   	3952725   	108       
Chr11	4078013   	33358248  	29280235  
Chr11	4800862   	30552667  	25751805  
Chr11	8753818   	8753945   	127       
Chr11	8839931   	10971994  	2132063   
Chr11	8840071   	10972078  	2132007   
Chr11	9916442   	9916702   	260       
Chr11	11086704  	11087768  	1064      
Chr11	11113686  	12447692  	1334006   
Chr11	13185784  	13574036  	388252    
Chr11	15042507  	17092099  	2049592   
Chr11	15230782  	15889152  	658370    
Chr11	16168359  	16209038  	40679     
Chr11	16168374  	16209043  	40669     
Chr11	16193611  	33222300  	17028689  
Chr11	17043558  	17643890  	600332    
Chr11	17781485  	20178679  	2397194   
Chr11	18019324  	18723095  	703771    
Chr11	18022105  	18720302  	698197    
Chr11	18288675  	18502426  	213751    
Chr11	18289115  	18502292  	213177    
Chr11	18583155  	33036028  	14452873  
Chr11	23314601  	23319104  	4503      
Chr11	23837369  	27184004  	3346635   
Chr11	26923843  	28015522  	1091679   
Chr11	32552640  	32561705  	9065      
Chr11	33087132  	33089708  	2576      
Chr12	1326676   	1327545   	869       
Chr12	2454112   	11373239  	8919127   
Chr12	2566707   	37050361  	34483654  
Chr12	3048005   	3050112   	2107      
Chr12	3048067   	3050164   	2097      
Chr12	4254595   	24273271  	20018676  
Chr12	4303865   	9169943   	4866078   
Chr12	5275234   	5276803   	1569      
Chr12	5447194   	22445247  	16998053  
Chr12	5627744   	15945318  	10317574  
Chr12	7037581   	21353619  	14316038  
Chr12	8494100   	37442636  	28948536  
Chr12	9142698   	20915073  	11772375  
Chr12	9824410   	9825233   	823       
Chr12	11386511  	32766858  	21380347  
Chr12	11494767  	28796327  	17301560  
Chr12	11718875  	11729718  	10843     
Chr12	12627934  	18167726  	5539792   
Chr12	13595108  	29096567  	15501459  
Chr12	14726878  	14847994  	121116    
Chr12	14975732  	14978525  	2793      
Chr12	17509120  	28504392  	10995272  
Chr12	20294459  	26588761  	6294302   
Chr12	22455570  	22560356  	104786    
Chr12	23079184  	23079451  	267       
Chr12	23388752  	23388857  	105       
Chr12	24275185  	33276019  	9000834   
Chr12	24275213  	33275919  	9000706   
Chr12	24345831  	36831084  	12485253  
Chr12	24535464  	28784371  	4248907   
Chr12	25648498  	38792193  	13143695  
Chr12	35480288  	39184870  	3704582   
Chr12	35926507  	35935068  	8561      
Chr12	37956860  	37957099  	239       
Chr12	39184614  	39192028  	7414      
Chr12	39184739  	39193543  	8804      
Chr12	39184820  	39184962  	142       
Chr12	39185231  	39189269  	4038      
Chr12	39185501  	39185716  	215       
Chr12	39186786  	39187022  	236       
Chr12	39190547  	39192483  	1936      
Chr12	39191879  	39192014  	135       
Chr12	39191881  	39192147  	266       
Chr12	39192571  	39192700  	129       
Chr13	60956     	1790149   	1729193   
Chr13	797203    	834422    	37219     
Chr13	965036    	2849864   	1884828   
Chr13	1154179   	26185479  	25031300  
Chr13	1524338   	1698284   	173946    
Chr13	4432487   	6445642   	2013155   
Chr13	4899926   	9201928   	4302002   
Chr13	4968727   	12638638  	7669911   
Chr13	4971589   	12638550  	7666961   
Chr13	5248100   	5248309   	209       
Chr13	5510457   	33191668  	27681211  
Chr13	7151846   	9069466   	1917620   
Chr13	7358249   	11593277  	4235028   
Chr13	7358323   	16859265  	9500942   
Chr13	7358406   	24997054  	17638648  
Chr13	7358874   	44441662  	37082788  
Chr13	7848296   	38997661  	31149365  
Chr13	8122430   	17864581  	9742151   
Chr13	8373815   	9438872   	1065057   
Chr13	8610544   	36546059  	27935515  
Chr13	8924380   	9350798   	426418    
Chr13	11009321  	29466797  	18457476  
Chr13	11685542  	14490033  	2804491   
Chr13	15723625  	30966829  	15243204  
Chr13	15828783  	45761217  	29932434  
Chr13	16456400  	23458559  	7002159   
Chr13	16734641  	16734867  	226       
Chr13	16858783  	16858932  	149       
Chr13	16858884  	16858995  	111       
Chr13	17134864  	19331589  	2196725   
Chr13	17156760  	17156895  	135       
Chr13	18929272  	19683270  	753998    
Chr13	19689658  	38762845  	19073187  
Chr13	20280683  	32987172  	12706489  
Chr13	21388946  	33866588  	12477642  
Chr13	22747475  	34238866  	11491391  
Chr13	22747870  	22748029  	159       
Chr13	24376859  	42574687  	18197828  
Chr13	24996445  	24996739  	294       
Chr13	27011428  	28182723  	1171295   
Chr13	27063787  	34238866  	7175079   
Chr13	29439060  	44926688  	15487628  
Chr13	29862451  	30174982  	312531    
Chr13	29862689  	30207418  	344729    
Chr13	30343428  	30420368  	76940     
Chr13	30391406  	30663779  	272373    
Chr13	30663666  	30917913  	254247    
Chr13	31053276  	31120824  	67548     
Chr13	31053476  	31120650  	67174     
Chr13	33716689  	33740516  	23827     
Chr13	37025205  	43483972  	6458767   
Chr14	888462    	1001826   	113364    
Chr14	3168457   	3356742   	188285    
Chr14	3192128   	3357524   	165396    
Chr14	3192242   	3357146   	164904    
Chr14	3297213   	3367502   	70289     
Chr14	4289195   	6896792   	2607597   
Chr14	6333512   	6399472   	65960     
Chr14	9422651   	14412695  	4990044   
Chr14	9751014   	38789749  	29038735  
Chr14	10377278  	40196083  	29818805  
Chr14	10477917  	17338318  	6860401   
Chr14	10599537  	34619738  	24020201  
Chr14	10997693  	21216041  	10218348  
Chr14	11684042  	16009065  	4325023   
Chr14	11684099  	16009189  	4325090   
Chr14	13015724  	27432801  	14417077  
Chr14	13015869  	27432660  	14416791  
Chr14	13444748  	28096134  	14651386  
Chr14	14855638  	29929271  	15073633  
Chr14	16009074  	39235413  	23226339  
Chr14	16082061  	16330455  	248394    
Chr14	16177449  	34174951  	17997502  
Chr14	16604986  	24857958  	8252972   
Chr14	16778405  	48267321  	31488916  
Chr14	17729029  	29842253  	12113224  
Chr14	18071004  	18765366  	694362    
Chr14	19770502  	38396730  	18626228  
Chr14	20131857  	43698943  	23567086  
Chr14	22471291  	31280491  	8809200   
Chr14	26515888  	30601266  	4085378   
Chr14	28103171  	40497580  	12394409  
Chr14	28103266  	40497337  	12394071  
Chr14	28354076  	38524620  	10170544  
Chr14	28998172  	28998410  	238       
Chr14	29662079  	29662301  	222       
Chr14	29941907  	35532888  	5590981   
Chr14	29942314  	35532881  	5590567   
Chr14	29946634  	35532867  	5586233   
Chr14	29959713  	35532884  	5573171   
Chr14	29995190  	35532875  	5537685   
Chr14	29996339  	35532757  	5536418   
Chr14	29996462  	35532869  	5536407   
Chr14	29998560  	35532906  	5534346   
Chr14	30144499  	38697507  	8553008   
Chr14	30144530  	38697408  	8552878   
Chr14	31640396  	31640608  	212       
Chr14	32056762  	37473343  	5416581   
Chr14	32058628  	37460632  	5402004   
Chr14	35033113  	35033306  	193       
Chr14	37240952  	45928610  	8687658   
Chr14	38679252  	39217333  	538081    
Chr14	42181130  	43262968  	1081838   
Chr14	44981938  	44982209  	271       
Chr14	45470806  	45470904  	98        
Chr14	46955370  	47047018  	91648     
Chr14	46995388  	47047233  	51845     
Chr14	47013876  	47050228  	36352     
Chr14	47016981  	47047580  	30599     
Chr14	47017648  	47046632  	28984     
Chr14	47048735  	47196806  	148071    
Chr14	48944617  	48993662  	49045     
Chr15	311934    	20448487  	20136553  
Chr15	919268    	15697820  	14778552  
Chr15	1768352   	2175632   	407280    
Chr15	3052626   	39904837  	36852211  
Chr15	3058309   	26183642  	23125333  
Chr15	4760829   	4761027   	198       
Chr15	6362421   	45815034  	39452613  
Chr15	6517118   	39468714  	32951596  
Chr15	7049699   	44967306  	37917607  
Chr15	7252454   	10107508  	2855054   
Chr15	7586329   	24515287  	16928958  
Chr15	8462964   	47405538  	38942574  
Chr15	9411267   	9442801   	31534     
Chr15	13595443  	23317696  	9722253   
Chr15	13595552  	23297166  	9701614   
Chr15	13843714  	13843977  	263       
Chr15	19390326  	19390536  	210       
Chr15	19591712  	19591824  	112       
Chr15	19595020  	19595143  	123       
Chr15	21410993  	21415958  	4965      
Chr15	21454739  	45113830  	23659091  
Chr15	21462470  	29810342  	8347872   
Chr15	22948477  	22958830  	10353     
Chr15	23765373  	23766844  	1471      
Chr15	23819314  	23829754  	10440     
Chr15	23844233  	30839279  	6995046   
Chr15	24329497  	38352883  	14023386  
Chr15	24389395  	35096122  	10706727  
Chr15	24464494  	29668109  	5203615   
Chr15	24914223  	46765899  	21851676  
Chr15	24962083  	35490501  	10528418  
Chr15	24963117  	28798272  	3835155   
Chr15	25275734  	31122106  	5846372   
Chr15	26096413  	38117752  	12021339  
Chr15	26135603  	26313344  	177741    
Chr15	26145477  	28750772  	2605295   
Chr15	26747644  	37223982  	10476338  
Chr15	27954102  	32463007  	4508905   
Chr15	28098421  	42785509  	14687088  
Chr15	28133449  	28851002  	717553    
Chr15	28285279  	28850801  	565522    
Chr15	28329541  	35490488  	7160947   
Chr15	28330107  	28850690  	520583    
Chr15	28703195  	37656778  	8953583   
Chr15	28703306  	37656479  	8953173   
Chr15	28850764  	42535391  	13684627  
Chr15	28850949  	42533432  	13682483  
Chr15	29230474  	36797582  	7567108   
Chr15	29242989  	36797432  	7554443   
Chr15	29297134  	36952664  	7655530   
Chr15	29297242  	36952523  	7655281   
Chr15	30013560  	30406076  	392516    
Chr15	30171730  	30893514  	721784    
Chr15	30390734  	37124337  	6733603   
Chr15	31097689  	37269000  	6171311   
Chr15	31397912  	48052104  	16654192  
Chr15	31402431  	32087078  	684647    
Chr15	31613858  	33856463  	2242605   
Chr15	31769968  	35100828  	3330860   
Chr15	32587739  	42352342  	9764603   
Chr15	38094977  	38496897  	401920    
Chr15	38095074  	38487254  	392180    
Chr15	38184496  	38214962  	30466     
Chr15	38842760  	39177647  	334887    
Chr15	38857826  	39171653  	313827    
Chr15	38896903  	39074872  	177969    
Chr15	38946585  	39009579  	62994     
Chr15	38954524  	39009044  	54520     
Chr15	38961604  	39021944  	60340     
Chr15	38967604  	39009000  	41396     
Chr15	38971105  	39009056  	37951     
Chr15	38975910  	39009016  	33106     
Chr15	39011195  	39076386  	65191     
Chr15	39011324  	39076507  	65183     
Chr15	39113299  	39242061  	128762    
Chr15	39113493  	39242736  	129243    
Chr15	39128302  	39243298  	114996    
Chr15	39128326  	39241720  	113394    
Chr15	39128300  	39242570  	114270    
Chr15	39128431  	39242980  	114549    
Chr15	39128496  	39242130  	113634    
Chr15	39129812  	39243112  	113300    
Chr15	39135821  	39366749  	230928    
Chr15	39145757  	39335799  	190042    
Chr15	39156990  	39373126  	216136    
Chr15	39161246  	39335919  	174673    
Chr15	39161838  	39335919  	174081    
Chr15	39164472  	39374907  	210435    
Chr15	39166639  	39365608  	198969    
Chr15	39166740  	39335911  	169171    
Chr15	39169481  	39334865  	165384    
Chr15	39171534  	39331491  	159957    
Chr15	39172780  	39335136  	162356    
Chr15	39172897  	39332345  	159448    
Chr15	39177667  	39332370  	154703    
Chr15	39640313  	47406607  	7766294   
Chr15	43211857  	43866558  	654701    
Chr15	43287337  	43800402  	513065    
Chr15	43288859  	43798750  	509891    
Chr15	43289505  	43865229  	575724    
Chr15	43380202  	43866704  	486502    
Chr15	43380706  	43746116  	365410    
Chr15	43541305  	43830833  	289528    
Chr15	45103832  	45587531  	483699    
Chr15	45103964  	45587514  	483550    
Chr15	45159126  	45587533  	428407    
Chr15	46658282  	46658907  	625       
Chr15	46658572  	46658801  	229       
Chr15	46765448  	46765609  	161       
Chr15	46886318  	47246011  	359693    
Chr15	47403218  	51733288  	4330070   
Chr15	47583641  	47619192  	35551     
Chr16	1304664   	1367713   	63049     
Chr16	1502676   	26911329  	25408653  
Chr16	3732979   	22600948  	18867969  
Chr16	3930272   	33502952  	29572680  
Chr16	6446487   	6446636   	149       
Chr16	6447224   	6447446   	222       
Chr16	10965441  	24580569  	13615128  
Chr16	11430257  	12337494  	907237    
Chr16	12484620  	13259737  	775117    
Chr16	12484743  	13259649  	774906    
Chr16	12535125  	12536531  	1406      
Chr16	12560278  	12779209  	218931    
Chr16	15264440  	16045398  	780958    
Chr16	17952824  	17974927  	22103     
Chr16	18663016  	35783167  	17120151  
Chr16	19108575  	19108757  	182       
Chr16	21374485  	33287779  	11913294  
Chr16	21374484  	33229736  	11855252  
Chr16	21417063  	21464258  	47195     
Chr16	21417073  	27558099  	6141026   
Chr16	21459605  	32911866  	11452261  
Chr16	21588085  	28829189  	7241104   
Chr16	25949952  	30370221  	4420269   
Chr16	26096526  	26101655  	5129      
Chr16	26097330  	26100764  	3434      
Chr16	26241866  	26277797  	35931     
Chr16	28016480  	33167745  	5151265   
Chr16	28023592  	36992907  	8969315   
Chr16	29725620  	32168705  	2443085   
Chr16	33435369  	33631234  	195865    
Chr16	33438119  	33629697  	191578    
Chr16	33443961  	33588053  	144092    
Chr16	33456548  	33785818  	329270    
Chr16	33467741  	33598646  	130905    
Chr16	33471190  	33773619  	302429    
Chr16	33478368  	33784352  	305984    
Chr16	33478390  	33568450  	90060     
Chr16	33478409  	33784423  	306014    
Chr16	33478547  	33568394  	89847     
Chr16	33493846  	33556997  	63151     
Chr16	33493870  	33593164  	99294     
Chr16	33494296  	33629374  	135078    
Chr16	33494451  	33592923  	98472     
Chr16	33495304  	33594237  	98933     
Chr16	34436535  	35373231  	936696    
Chr16	34749207  	35526812  	777605    
Chr16	34750435  	35555477  	805042    
Chr17	3145966   	22970917  	19824951  
Chr17	3436173   	34940266  	31504093  
Chr17	3762212   	19267085  	15504873  
Chr17	5033417   	5038502   	5085      
Chr17	5543714   	19105477  	13561763  
Chr17	6409636   	35672164  	29262528  
Chr17	6409637   	31264407  	24854770  
Chr17	6827382   	23581384  	16754002  
Chr17	8071097   	14634821  	6563724   
Chr17	8134354   	8134530   	176       
Chr17	8229993   	20679772  	12449779  
Chr17	13807007  	41580290  	27773283  
Chr17	13824872  	34414704  	20589832  
Chr17	15429228  	35672288  	20243060  
Chr17	15673270  	26320356  	10647086  
Chr17	17218829  	21737530  	4518701   
Chr17	20758765  	23895052  	3136287   
Chr17	20883552  	34350840  	13467288  
Chr17	21705925  	22358588  	652663    
Chr17	21772178  	21772358  	180       
Chr17	21776109  	22354417  	578308    
Chr17	21776309  	22354260  	577951    
Chr17	21777341  	22353716  	576375    
Chr17	21778344  	22352605  	574261    
Chr17	21778609  	22352440  	573831    
Chr17	23145923  	23146031  	108       
Chr17	23572101  	23591570  	19469     
Chr17	23586784  	23592514  	5730      
Chr17	23595877  	23596034  	157       
Chr17	23601104  	23601254  	150       
Chr17	26889838  	32138603  	5248765   
Chr17	27112590  	27218650  	106060    
Chr17	28755136  	28755687  	551       
Chr17	30675597  	30675962  	365       
Chr17	34938024  	34938131  	107       
Chr17	35672047  	35672160  	113       
Chr18	155249    	33818399  	33663150  
Chr18	1261348   	41982559  	40721211  
Chr18	1330166   	1966195   	636029    
Chr18	1983854   	43505043  	41521189  
Chr18	4325802   	45187207  	40861405  
Chr18	5430625   	5430850   	225       
Chr18	6400483   	53981875  	47581392  
Chr18	6529659   	8379187   	1849528   
Chr18	6529792   	8379154   	1849362   
Chr18	7470135   	38300025  	30829890  
Chr18	7524561   	33819841  	26295280  
Chr18	7973113   	8725421   	752308    
Chr18	7976020   	8634948   	658928    
Chr18	7999504   	8564329   	564825    
Chr18	8087244   	8706525   	619281    
Chr18	8228274   	8816699   	588425    
Chr18	8301805   	8606327   	304522    
Chr18	8514815   	44161424  	35646609  
Chr18	8582426   	15101775  	6519349   
Chr18	11149264  	20716039  	9566775   
Chr18	11520478  	43637643  	32117165  
Chr18	11938442  	43725896  	31787454  
Chr18	12263020  	33820731  	21557711  
Chr18	14773591  	33818795  	19045204  
Chr18	15326603  	16032578  	705975    
Chr18	15603612  	39099203  	23495591  
Chr18	15613718  	15615156  	1438      
Chr18	15613897  	15615021  	1124      
Chr18	16090486  	45423464  	29332978  
Chr18	16365783  	42364143  	25998360  
Chr18	17028678  	29128129  	12099451  
Chr18	17802911  	36076721  	18273810  
Chr18	18800287  	33723199  	14922912  
Chr18	18818425  	33722593  	14904168  
Chr18	18819249  	40066881  	21247632  
Chr18	18819418  	26803590  	7984172   
Chr18	18819535  	33723169  	14903634  
Chr18	18820046  	40067038  	21246992  
Chr18	19317923  	54153962  	34836039  
Chr18	20406197  	26859997  	6453800   
Chr18	22014271  	38992721  	16978450  
Chr18	24577848  	34339786  	9761938   
Chr18	24716832  	47278699  	22561867  
Chr18	24916318  	24920185  	3867      
Chr18	25244629  	52571630  	27327001  
Chr18	25680611  	35585756  	9905145   
Chr18	27251981  	33744466  	6492485   
Chr18	29039155  	29041071  	1916      
Chr18	29671587  	29970230  	298643    
Chr18	30767252  	41635502  	10868250  
Chr18	31017382  	33461313  	2443931   
Chr18	31264164  	41782111  	10517947  
Chr18	31791659  	40704681  	8913022   
Chr18	31791625  	40706742  	8915117   
Chr18	31791623  	40709084  	8917461   
Chr18	31791723  	40707940  	8916217   
Chr18	32148767  	32617036  	468269    
Chr18	32946740  	33329440  	382700    
Chr18	32973035  	33330150  	357115    
Chr18	32973221  	33330507  	357286    
Chr18	32973228  	33372915  	399687    
Chr18	33074650  	33334900  	260250    
Chr18	33461403  	33863136  	401733    
Chr18	33818020  	33818248  	228       
Chr18	33818120  	33818264  	144       
Chr18	33878435  	35996400  	2117965   
Chr18	35298866  	45187268  	9888402   
Chr18	36707200  	39389927  	2682727   
Chr18	38488308  	48206463  	9718155   
Chr18	38946442  	41348877  	2402435   
Chr18	45561715  	48595726  	3034011   
Chr18	47317122  	50746140  	3429018   
Chr18	48399596  	56199158  	7799562   
Chr18	51252156  	51271052  	18896     
Chr18	51252571  	51273575  	21004     
Chr18	54458824  	54458977  	153       
Chr18	54614763  	54614946  	183       
Chr18	55345724  	55440385  	94661     
Chr18	55345785  	55440076  	94291     
Chr18	55346229  	55426312  	80083     
Chr18	55346448  	55439471  	93023     
Chr18	55368734  	55467800  	99066     
Chr18	55369634  	55425780  	56146     
Chr18	55370966  	55439566  	68600     
Chr18	55370970  	55426060  	55090     
Chr18	55414183  	55426070  	11887     
Chr18	55414284  	55439435  	25151     
Chr18	56117895  	56248502  	130607    
Chr19	32043     	32709     	666       
Chr19	1435730   	48258848  	46823118  
Chr19	1671539   	33825766  	32154227  
Chr19	1861567   	30137234  	28275667  
Chr19	6895323   	29676092  	22780769  
Chr19	7095880   	7669572   	573692    
Chr19	8043047   	8296983   	253936    
Chr19	8719251   	41959881  	33240630  
Chr19	9101189   	30057886  	20956697  
Chr19	9150008   	9162667   	12659     
Chr19	9767978   	13969292  	4201314   
Chr19	10021318  	10477859  	456541    
Chr19	10176958  	10181370  	4412      
Chr19	10176980  	10181405  	4425      
Chr19	10638225  	17725093  	7086868   
Chr19	10733170  	15793766  	5060596   
Chr19	11062594  	11064250  	1656      
Chr19	11062802  	11063460  	658       
Chr19	11116796  	11691755  	574959    
Chr19	11367704  	11732588  	364884    
Chr19	11434719  	11735215  	300496    
Chr19	11540043  	11800527  	260484    
Chr19	11541336  	11839117  	297781    
Chr19	11541675  	11800351  	258676    
Chr19	11815500  	19232513  	7417013   
Chr19	12116831  	19056151  	6939320   
Chr19	13164800  	23605601  	10440801  
Chr19	13164815  	23613540  	10448725  
Chr19	13371963  	24571448  	11199485  
Chr19	15885429  	17356620  	1471191   
Chr19	15909671  	15911570  	1899      
Chr19	15918704  	20970581  	5051877   
Chr19	17002959  	18719539  	1716580   
Chr19	17009204  	20044102  	3034898   
Chr19	18242775  	22964881  	4722106   
Chr19	18952607  	21298789  	2346182   
Chr19	19200186  	21813341  	2613155   
Chr19	20022636  	20028429  	5793      
Chr19	20022769  	20028296  	5527      
Chr19	20078628  	20086967  	8339      
Chr19	20078749  	21162166  	1083417   
Chr19	20534420  	24508652  	3974232   
Chr19	21654792  	22197634  	542842    
Chr19	22397969  	22718476  	320507    
Chr19	22540145  	25130453  	2590308   
Chr19	22872819  	22874944  	2125      
Chr19	22872861  	22875002  	2141      
Chr19	23220109  	24268276  	1048167   
Chr19	23361860  	31516313  	8154453   
Chr19	26262528  	26265299  	2771      
Chr19	26262849  	26270310  	7461      
Chr19	27529143  	39858684  	12329541  
Chr19	27878947  	32255999  	4377052   
Chr19	29198198  	30146182  	947984    
Chr19	29777863  	33558603  	3780740   
Chr19	30579368  	39538679  	8959311   
Chr19	34517834  	35057789  	539955    
Chr19	35268282  	35272882  	4600      
Chr19	36329241  	36329662  	421       
Chr19	36646129  	36647579  	1450      
Chr19	39254334  	39254487  	153       
Chr19	39709777  	39833799  	124022    
Chr19	41690054  	46021367  	4331313   
Chr19	43985999  	49853721  	5867722   
Chr19	45636123  	48035285  	2399162   
Chr19	47864461  	47913797  	49336     
Chr19	47928318  	50283752  	2355434   
Chr20	987893    	989300    	1407      
Chr20	988086    	989080    	994       
Chr20	1597848   	8415291   	6817443   
Chr20	1634609   	3816579   	2181970   
Chr20	2579307   	8825177   	6245870   
Chr20	5221538   	6516297   	1294759   
Chr20	5224783   	6511696   	1286913   
Chr20	5671946   	28795192  	23123246  
Chr20	5710228   	13624046  	7913818   
Chr20	6338134   	11257263  	4919129   
Chr20	6693094   	38712673  	32019579  
Chr20	8415277   	8415391   	114       
Chr20	8415609   	8415793   	184       
Chr20	9094220   	10042817  	948597    
Chr20	11257359  	24634945  	13377586  
Chr20	11417706  	11418350  	644       
Chr20	11417851  	11418153  	302       
Chr20	11660802  	15913914  	4253112   
Chr20	13177799  	30999914  	17822115  
Chr20	14371351  	16401857  	2030506   
Chr20	14714341  	16232073  	1517732   
Chr20	14918565  	18760734  	3842169   
Chr20	14918585  	18760614  	3842029   
Chr20	15001230  	27096078  	12094848  
Chr20	16518752  	16525092  	6340      
Chr20	17055703  	30847361  	13791658  
Chr20	17055871  	30847429  	13791558  
Chr20	18548001  	27099342  	8551341   
Chr20	18948685  	27553468  	8604783   
Chr20	19938303  	20264280  	325977    
Chr20	19940170  	28413894  	8473724   
Chr20	20339767  	26158183  	5818416   
Chr20	21077770  	35803101  	14725331  
Chr20	21117370  	32029575  	10912205  
Chr20	22861441  	45904962  	23043521  
Chr20	24494399  	30847317  	6352918   
Chr20	25954802  	26591984  	637182    
Chr20	28387586  	31105226  	2717640   
Chr20	28470535  	28471932  	1397      
Chr20	30474988  	35090392  	4615404   
Chr20	33539714  	33539892  	178       
Chr20	34813980  	34981603  	167623    
Chr20	35520722  	35975882  	455160    
Chr20	36516666  	36516900  	234       
Chr20	38676211  	38689397  	13186     
Chr20	41157303  	43614563  	2457260   
Chr20	47137577  	47137703  	126       
scaffold_21	613529    	614763    	1234      
scaffold_21	613632    	614627    	995       
scaffold_27	205955    	215797    	9842      
scaffold_35	89302     	194112    	104810    
scaffold_35	122318    	143021    	20703     
scaffold_35	243727    	367465    	123738    
scaffold_43	797       	243016    	242219    
scaffold_43	36323     	245333    	209010    
scaffold_43	78170     	242124    	163954    
scaffold_44	103207    	103319    	112       
scaffold_48	6180      	335489    	329309    
scaffold_48	6638      	336235    	329597    
scaffold_48	30844     	300896    	270052    
scaffold_50	89277     	152620    	63343     
scaffold_54	85011     	191100    	106089    
scaffold_55	19875     	136664    	116789    
scaffold_55	20463     	134890    	114427    
scaffold_55	23386     	132801    	109415    
scaffold_60	6802      	161631    	154829    
scaffold_2080	147       	259       	112       
scaffold_2080	135       	247       	112       
