Chr07
17
17
18
19
20
21
21
24
24
25
25
25
27
28
28
29
29
29
29
29
31
31
32
32
33
33
33
34
36
36
36
37
39
42
42
42
43
43
43
43
44
44
45
46
46
46
48
49
51
51
52
52
54
58
59
60
60
60
61
61
61
62
65
67
67
68
75
77
77
78
80
81
85
92
95
97
101
101
107
111
115
120
124
127
141
157
157
163
207
222
231
237
250
254
276
300
303
303
304
304
305
306
318
319
320
320
320
322
323
323
324
325
325
327
327
327
328
329
330
330
331
332
332
341
341
343
344
346
346
348
350
354
354
356
358
359
359
360
360
361
361
362
363
365
365
365
367
368
368
369
370
370
372
373
374
374
374
374
374
375
376
377
380
382
384
386
386
387
390
392
395
403
406
409
413
414
415
416
421
422
426
428
458
476
485
490
494
499
523
528
550
553
601
631
650
661
680
701
716
751
755
840
863
943
982
1001
1035
1067
1144
1146
1152
1177
1197
1212
1261
1313
1337
1408
1453
1469
1487
1510
1513
1542
1691
1757
1802
1914
1937
2145
2166
2226
2256
2265
2268
2579
2668
2727
2922
3143
3171
3198
3268
3433
3710
3765
3777
3891
3900
4279
4473
4494
4502
4657
4700
4823
4926
4939
4939
5010
5012
5200
5219
5340
5449
5629
5713
6029
6078
6083
6083
6230
6240
6300
6412
6480
6949
7120
8718
9176
9253
9555
9692
9704
9758
9770
9784
9813
10058
10551
10886
11014
11050
11407
11507
11584
12036
12224
12707
13109
13697
14860
15491
15965
16050
16339
18039
18055
19407
20562
20693
21754
23870
25465
26060
28861
29655
30113
30735
31077
35034
35179
36333
42685
43247
43946
44081
54876
94196
110012
118081
121155
121439
136761
149188
796152
1439113
3512437
3860680
3990549
5935701
6929770
9127422
9933651
16914739
23498540
24680851
32697964
32833909
the total of Chr07 is 349


