Chr01
17
19
19
20
21
21
22
23
23
23
23
24
24
24
24
24
25
25
25
25
25
25
25
26
26
27
27
27
27
27
28
29
29
30
31
31
31
31
31
33
33
33
33
33
35
35
35
35
36
37
37
37
37
37
40
40
41
42
43
43
43
43
45
45
45
45
47
47
47
49
49
49
49
51
51
51
52
52
53
54
54
54
55
55
55
56
56
56
56
57
58
58
58
59
59
60
62
63
63
63
63
64
65
67
69
70
71
71
73
74
75
77
78
78
80
80
80
82
85
85
86
87
87
87
88
90
90
91
94
94
99
100
100
100
101
104
106
107
112
113
114
114
115
120
121
123
124
129
131
132
133
133
134
147
151
153
153
153
160
160
166
178
178
185
187
197
200
205
211
222
224
226
236
247
252
260
262
277
286
291
299
300
300
301
301
303
303
304
305
306
307
310
311
311
315
316
316
317
318
320
321
321
322
327
327
330
330
331
331
331
331
332
332
333
335
335
336
336
337
337
338
338
340
341
341
343
343
344
344
345
346
346
346
347
348
349
350
352
353
353
354
354
354
355
355
356
357
357
358
358
358
358
358
360
361
361
363
363
363
363
364
365
365
366
366
366
367
367
367
367
367
368
368
368
368
368
369
371
371
371
372
373
373
374
374
374
375
376
376
376
376
378
379
380
380
381
381
382
383
383
383
384
384
386
387
387
388
389
390
390
390
392
393
393
394
394
395
397
398
399
400
400
400
401
401
402
403
403
406
406
406
406
407
407
410
414
416
417
420
421
422
424
435
436
443
444
447
449
459
498
503
504
514
519
534
534
542
559
562
573
579
586
587
606
630
647
655
672
684
690
691
694
699
710
712
715
719
747
763
769
777
786
827
863
865
883
954
969
970
977
983
986
994
1004
1016
1056
1074
1084
1093
1095
1114
1132
1145
1161
1179
1181
1238
1256
1267
1333
1359
1375
1375
1376
1419
1456
1483
1484
1486
1514
1551
1577
1587
1607
1619
1627
1632
1705
1709
1712
1713
1731
1764
1805
1846
1869
1876
1923
1932
1936
1944
1982
2037
2097
2099
2117
2147
2173
2178
2213
2264
2311
2311
2333
2333
2387
2499
2501
2562
2563
2610
2614
2626
2628
2640
2642
2774
2799
2841
2870
2880
2885
3015
3052
3075
3157
3178
3222
3268
3391
3410
3470
3539
3562
3568
3631
3646
3689
3705
3812
3846
3868
4094
4102
4114
4140
4234
4263
4342
4354
4366
4380
4520
4682
4766
4812
4879
4925
4972
4978
5025
5065
5226
5249
5272
5289
5346
5379
5419
5752
5779
5853
5858
5883
5986
6214
6434
6444
6604
6679
6687
6693
6768
6876
6936
7154
7159
7370
7479
7572
7608
7641
7648
7909
7911
8269
8568
8962
9155
9228
9240
9248
9269
9286
9300
9317
9318
9324
9337
9361
9383
9463
9599
9619
9643
9728
9744
10048
10066
10154
10442
10892
11022
11564
12047
12547
13550
13627
14235
14518
14861
14992
15006
15317
15513
15935
16027
16110
16456
16568
17010
17112
17280
17388
17507
17748
17946
18051
18088
18210
18341
18478
18956
19177
19197
19391
19507
19938
20003
20097
20131
20178
20239
20436
20841
21008
21758
21760
21870
22357
23583
23771
24242
24765
25033
25321
25614
26167
26431
27009
27550
27575
28035
28419
28488
29249
30177
31098
31407
33301
36382
38839
40190
40245
41151
42692
43653
47580
49718
54289
67496
70025
74279
77166
96360
101900
106854
114292
114943
128874
129328
138541
153743
157527
173182
173681
190441
190999
224013
285213
319783
371345
374582
376655
857319
870862
1124563
1424398
1432316
2592220
2972181
4564926
6304376
6724540
7410241
9106360
9882618
10487541
11410250
13550725
14126452
15184063
18811776
19054991
19714435
22218879
23297489
25984616
26831413
37744733
40402817
41196792
46589954
47525043
49827924
50783338
the total of Chr00 is 706


