Chr08
18
20
22
22
22
22
25
26
26
27
27
30
30
31
31
32
32
33
34
35
35
35
36
38
39
40
41
41
43
46
51
52
53
53
53
55
66
69
71
72
76
91
97
142
157
159
163
173
183
188
190
197
212
258
266
270
272
286
294
307
310
313
314
317
321
322
323
330
336
343
343
345
347
348
351
352
353
354
354
356
358
360
360
361
361
365
367
367
367
371
372
373
373
373
376
381
382
382
385
385
386
387
387
388
392
397
397
399
403
405
410
411
412
418
425
431
436
436
491
497
502
527
545
557
558
593
595
605
703
723
795
834
843
856
882
899
907
923
974
1036
1098
1127
1218
1283
1305
1376
1431
1623
1678
1716
1927
2483
2753
3058
3194
3232
3387
3595
3761
3841
4341
4614
4631
4884
4916
4949
5194
5509
5599
5835
6196
6215
8278
8701
9100
9385
9660
10506
12212
16065
16290
20375
21055
22415
24345
27625
29053
29784
46876
54821
56145
65525
65889
67522
281024
396477
436970
473119
2377419
2771486
3305476
4649193
4727692
7047371
15608592
19236366
26210494
26211734
26211791
26749595
28682220
30212193
the total of Chr08 is 212


