Chr06
18
18
18
19
20
20
21
21
21
21
21
22
22
23
24
25
26
27
27
27
28
28
28
28
28
28
28
28
29
29
30
30
30
30
31
31
31
31
32
32
32
32
32
32
32
32
32
32
33
33
33
33
34
34
34
34
34
34
34
35
36
36
37
37
38
38
38
38
38
39
39
40
40
40
40
40
41
41
41
41
41
42
42
43
44
45
46
46
46
49
51
51
51
51
51
52
52
52
52
53
53
55
55
55
56
57
58
60
61
62
62
62
63
64
67
67
68
69
70
70
70
71
71
72
73
75
76
81
82
86
88
88
90
90
92
92
93
97
97
97
98
99
100
100
101
102
108
116
121
123
124
139
140
140
141
151
163
167
169
178
182
184
188
189
197
211
211
211
212
222
223
231
254
254
256
266
276
281
283
306
307
310
311
313
314
315
315
316
317
318
319
320
320
320
321
321
323
323
323
324
325
327
328
328
329
329
330
333
334
335
336
337
337
340
342
345
347
347
348
351
351
351
351
351
354
355
356
356
356
356
357
359
360
360
360
360
361
361
362
362
362
362
363
363
363
365
365
365
366
366
366
367
367
367
367
368
368
369
369
370
370
371
371
371
371
372
372
373
373
373
373
373
373
373
374
374
374
375
376
376
377
377
377
377
378
378
379
381
381
381
382
383
384
384
384
384
386
386
388
389
389
389
390
393
393
396
397
397
397
398
398
400
401
402
403
405
408
408
409
410
410
412
414
415
417
419
422
427
433
434
449
477
480
484
497
512
535
535
545
591
599
622
627
628
645
724
787
809
841
893
906
907
911
932
944
955
964
989
1030
1033
1040
1043
1051
1091
1106
1128
1145
1152
1166
1170
1171
1178
1187
1188
1211
1216
1234
1257
1278
1368
1425
1457
1473
1503
1530
1586
1632
1661
1664
1683
1687
1715
1760
1786
1826
1852
1911
1936
1985
2014
2019
2029
2090
2100
2138
2142
2162
2164
2165
2193
2255
2269
2287
2402
2630
2673
2682
2800
2916
2955
3044
3078
3131
3141
3165
3228
3230
3423
3532
3623
3830
3939
4020
4050
4099
4116
4339
4343
4377
4458
4543
4583
4589
4663
4993
5079
5098
5098
5151
5269
5300
5377
5403
5490
5513
5522
5531
5538
5745
6209
6225
6390
6491
6720
6932
6967
7172
7278
7655
7736
7801
8552
8654
8657
9253
9254
9263
9271
9274
9278
9328
9392
9503
9725
9727
9768
9895
10006
10082
10660
10735
10801
10869
11116
11511
11636
11859
12296
12387
12424
13005
13124
14189
15095
15382
15820
16082
16099
16413
16557
16850
16892
17027
17370
17490
17558
17579
17788
17887
18088
18471
18490
19470
19670
19997
20357
22208
22262
23165
23867
23942
23958
24129
24221
24499
24595
24613
24774
24833
24848
25233
25325
25351
25984
26211
26273
27885
29394
29449
29684
29712
30752
30997
33217
34873
35388
37122
37583
39341
39370
40183
42566
43547
45100
45128
46974
47886
48271
49018
49175
49501
50979
51158
52908
54125
55841
56517
65789
66624
68092
72916
74717
75066
75218
75238
75722
77806
80635
81791
82742
83395
83811
84107
84218
85098
87138
87995
88800
92550
96505
104894
105509
110041
111354
122613
123512
126015
143453
147928
154433
157348
168900
175407
202847
221019
236288
375262
707041
789575
994254
1056683
2258733
2384050
2774111
3147717
3148766
3149004
3231475
4458708
4493369
6763451
10145437
13776616
15084956
15248140
22049882
25296847
26595087
33107977
the total of Chr06 is 639


