Chr015
17
19
19
19
19
19
20
20
20
20
20
21
21
21
22
22
22
22
22
22
23
23
23
24
24
25
25
25
25
25
25
26
26
27
27
27
28
28
28
28
28
29
29
30
30
30
30
30
30
30
30
31
31
31
31
32
32
32
32
32
32
33
33
33
33
33
34
34
34
35
35
35
36
36
36
36
36
36
36
36
36
37
37
37
37
38
38
39
40
40
40
40
40
41
41
41
41
42
42
42
42
43
43
43
44
45
45
45
46
46
47
47
47
47
47
48
48
48
49
49
50
50
50
50
50
51
51
51
51
52
52
52
52
53
53
53
54
54
54
54
54
55
55
55
55
56
56
58
58
60
60
60
61
61
62
62
62
62
63
63
63
64
64
65
65
67
67
68
68
68
68
69
69
70
71
71
72
76
78
79
81
83
83
85
86
86
87
88
91
92
92
92
94
98
99
100
102
104
105
107
111
111
112
114
116
117
118
118
130
144
145
145
146
152
159
163
168
169
170
171
175
177
180
198
200
208
209
213
216
218
218
224
233
234
249
280
283
299
299
301
302
306
307
308
309
310
314
316
317
320
322
323
324
327
329
330
330
331
332
332
333
336
336
336
339
341
342
342
342
343
344
346
347
347
347
347
347
349
350
351
351
352
352
353
354
354
355
355
356
356
357
357
358
359
359
360
361
361
362
362
362
363
363
363
363
364
364
365
366
366
367
367
367
368
369
369
369
369
370
370
370
371
372
372
372
372
373
373
373
374
374
375
375
375
375
376
376
377
378
378
380
380
381
381
381
381
383
383
383
383
385
385
385
385
386
387
387
388
388
389
389
389
390
390
390
391
392
393
394
394
394
394
395
395
395
396
397
398
398
398
402
404
405
407
407
407
407
410
411
412
412
412
415
415
416
417
418
419
420
421
423
433
434
436
447
450
455
457
471
473
480
484
504
512
531
536
559
566
571
594
595
607
610
630
635
664
665
669
672
681
689
705
705
727
738
767
774
776
779
786
821
830
848
851
892
893
917
917
949
958
960
970
976
997
1018
1038
1076
1098
1116
1120
1132
1134
1138
1138
1142
1156
1158
1164
1165
1170
1173
1175
1179
1200
1203
1206
1245
1252
1256
1268
1272
1278
1306
1307
1323
1345
1370
1488
1561
1607
1616
1633
1656
1682
1682
1683
1711
1739
1747
1758
1765
1770
1811
1833
1869
1905
1966
1983
2021
2081
2090
2131
2149
2154
2205
2211
2247
2260
2266
2286
2325
2342
2399
2572
2582
2590
2674
2684
2698
2721
2722
2847
2898
2908
2968
2997
3017
3032
3038
3059
3060
3070
3102
3227
3247
3266
3285
3299
3407
3419
3487
3542
3557
3561
3569
3629
3763
3803
3852
3853
3903
3938
3953
3981
4006
4134
4253
4310
4318
4548
4641
4679
4753
4783
4931
4939
5055
5087
5287
5325
5374
5402
5447
5475
5529
5533
5542
5621
5755
6084
6113
6126
6214
6348
6434
6553
6882
7211
7272
7386
7443
7672
7786
8339
8482
8485
8557
8914
8928
9024
9125
9138
9201
9256
9268
9290
9298
9317
9323
9341
9429
9432
9432
9467
9479
9564
9675
9764
9776
9777
9780
9801
9846
10053
10327
10427
10508
10642
10687
10827
10974
11076
11824
11960
11970
12437
12806
13879
14431
14653
14857
14969
15094
15108
15171
15442
15485
15531
15869
16119
16212
16380
16985
17185
17186
17235
17308
17315
17321
17341
17357
17409
17687
17730
17859
18226
18443
18559
18595
18904
18928
18977
19057
19110
19226
19506
19519
19570
19773
19887
20027
20065
20123
20176
20237
20480
20502
20542
20729
20740
20837
21341
21472
22067
22083
22196
22290
22296
22342
22597
22662
22955
23734
23806
24187
24308
25002
25316
26249
27959
28511
30048
30305
30786
31210
31449
31697
32522
33308
34518
34565
34690
36070
36186
40297
44013
48631
52054
55856
61090
68327
69255
73661
76129
82738
83858
92110
105220
109158
111275
116329
119478
119646
125774
128678
128689
129659
130491
130634
161772
191086
237139
291268
309318
437015
451674
580381
1393970
1791324
1796442
2040908
2083437
3378818
3650399
3857301
4898972
5700660
5795132
7028046
7491486
9060599
10484537
10673823
11593405
14398945
21528214
22282232
26630770
28753659
35320796
40993662
the total of Chr015 is 791


