scaffold
19
21
22
26
26
30
34
42
44
46
51
70
71
118
118
129
170
184
200
273
279
281
300
300
300
300
300
300
301
301
301
301
301
302
302
302
303
303
304
305
305
306
306
306
306
306
307
307
307
307
307
307
307
308
308
308
309
309
309
309
309
309
310
310
310
310
311
311
312
312
313
313
313
313
313
314
314
314
314
315
315
315
315
316
317
317
317
317
317
318
318
318
318
319
320
320
320
322
323
323
323
323
324
324
325
325
326
326
326
326
326
326
326
327
327
327
328
329
329
329
329
329
330
330
330
330
330
330
330
330
330
330
331
331
331
332
332
332
332
332
333
333
333
333
333
333
333
333
334
334
334
334
334
335
335
335
335
336
336
336
336
336
336
336
336
336
336
337
337
337
337
337
337
338
338
338
338
339
339
339
339
339
339
340
340
340
340
340
340
340
340
340
340
340
341
341
341
341
341
342
342
342
342
343
343
343
343
343
343
344
344
344
344
344
344
344
345
345
346
346
346
347
347
347
348
348
348
348
348
349
349
349
349
350
350
350
350
350
350
350
350
350
350
351
351
351
351
351
351
352
352
352
352
352
352
352
352
353
353
353
353
353
353
353
353
354
354
354
354
354
354
354
354
355
356
356
356
356
356
356
357
357
357
357
357
357
357
357
357
358
358
358
358
358
358
358
358
358
358
358
359
359
359
359
359
359
359
359
359
359
359
360
360
360
360
360
360
360
360
360
360
360
360
360
361
361
361
361
361
361
361
361
362
362
362
362
362
362
362
362
363
363
363
363
363
363
363
363
363
363
363
363
363
363
363
363
363
363
364
364
364
364
364
364
364
364
364
364
364
364
364
364
364
364
364
364
364
364
365
365
365
365
365
365
365
365
365
365
365
365
365
365
366
366
366
366
366
366
366
366
366
366
366
366
366
366
366
366
367
367
367
367
367
367
367
367
367
367
367
367
367
368
368
368
368
368
368
368
368
368
368
368
368
368
368
369
369
369
369
369
369
369
369
369
369
369
369
370
370
370
370
370
370
370
370
370
370
371
371
371
371
371
371
371
371
371
371
372
372
372
372
372
372
372
373
373
373
373
373
373
373
374
374
374
374
374
375
375
375
375
375
375
375
375
375
375
375
376
376
376
376
376
376
377
377
377
377
377
378
378
378
378
378
378
378
378
379
379
379
379
379
380
380
380
380
380
381
381
381
381
381
381
381
381
382
382
382
382
382
382
382
383
383
383
383
383
384
384
384
384
384
384
385
385
385
385
385
385
385
385
385
385
386
386
386
387
387
387
387
387
387
387
387
387
387
388
388
388
388
388
389
389
389
389
389
390
390
390
390
390
390
390
391
391
391
391
391
392
392
392
392
392
392
392
393
393
393
393
393
393
393
393
393
393
393
393
393
394
394
394
395
395
395
395
395
395
396
396
396
396
396
396
397
397
397
398
398
399
399
399
399
399
399
399
400
400
402
402
403
403
404
404
404
404
404
405
406
406
406
406
406
407
407
407
407
407
408
408
408
408
409
409
410
410
410
410
410
410
410
411
411
411
411
411
412
413
413
413
413
414
414
414
414
416
416
417
418
418
418
419
420
421
422
425
427
429
429
429
429
430
430
430
434
436
440
440
440
452
462
468
485
486
486
488
503
515
534
535
541
554
583
594
611
617
623
634
635
643
643
649
651
653
657
663
674
676
690
690
691
705
714
714
727
734
735
745
757
760
761
769
794
812
823
826
840
842
844
847
851
866
866
873
874
890
903
912
914
920
934
937
940
946
962
964
976
985
989
990
996
1002
1008
1019
1022
1032
1032
1037
1038
1039
1047
1059
1069
1081
1091
1096
1106
1117
1130
1133
1135
1145
1157
1160
1161
1163
1166
1166
1180
1182
1184
1203
1204
1208
1211
1220
1227
1229
1259
1260
1263
1264
1267
1271
1275
1277
1282
1284
1285
1289
1298
1330
1340
1357
1377
1389
1401
1404
1406
1427
1431
1438
1452
1470
1482
1485
1498
1501
1502
1509
1529
1555
1565
1568
1570
1589
1619
1634
1650
1661
1666
1670
1674
1678
1679
1696
1699
1700
1706
1711
1713
1720
1722
1726
1739
1780
1785
1792
1792
1807
1810
1819
1835
1841
1842
1845
1852
1863
1866
1868
1936
1938
1941
1946
1950
1966
1972
1979
1981
1986
1990
1999
2000
2002
2007
2016
2029
2038
2047
2053
2054
2056
2057
2082
2086
2093
2118
2130
2137
2145
2184
2216
2219
2219
2232
2240
2245
2247
2248
2278
2296
2299
2304
2306
2310
2312
2323
2329
2331
2347
2347
2348
2352
2374
2375
2377
2397
2398
2409
2410
2419
2435
2445
2468
2469
2470
2485
2489
2492
2510
2532
2548
2554
2570
2570
2583
2589
2618
2630
2634
2635
2645
2649
2651
2658
2659
2661
2683
2691
2691
2757
2758
2762
2771
2809
2836
2839
2841
2852
2857
2867
2875
2900
2903
2911
2927
2940
2949
2957
2972
2975
2981
3009
3009
3040
3073
3083
3122
3128
3137
3144
3167
3168
3212
3218
3221
3227
3238
3266
3277
3283
3290
3292
3305
3315
3319
3355
3379
3419
3430
3431
3492
3494
3511
3516
3542
3545
3548
3562
3589
3601
3642
3645
3655
3686
3703
3729
3737
3774
3786
3792
3799
3805
3830
3833
3835
3862
3880
3935
3939
3951
3978
4014
4043
4102
4133
4142
4154
4164
4174
4234
4242
4254
4256
4283
4326
4353
4364
4366
4375
4419
4476
4502
4524
4551
4560
4606
4618
4619
4692
4711
4717
4728
4750
4765
4767
4791
4793
4807
4848
4865
4866
4883
4904
4920
4950
4975
4984
4995
5002
5028
5029
5062
5100
5143
5206
5220
5248
5252
5286
5304
5306
5316
5365
5399
5403
5418
5455
5509
5523
5531
5615
5627
5764
5786
5827
5905
5908
5911
5914
5963
5994
6012
6075
6087
6092
6127
6231
6287
6304
6331
6354
6380
6383
6438
6503
6552
6564
6568
6573
6578
6600
6610
6630
6792
6847
6892
6894
6928
6960
6963
6964
6991
7128
7187
7205
7349
7434
7572
7596
7624
7687
7770
7832
7848
7973
7980
8016
8062
8068
8095
8149
8151
8155
8182
8187
8201
8216
8255
8312
8314
8322
8359
8458
8483
8628
8735
8995
9009
9084
9095
9108
9156
9178
9253
9314
9326
9345
9372
9389
9431
9539
9693
9735
9761
9783
9857
9869
9876
9893
9962
10094
10137
10162
10308
10411
10640
10811
10930
10948
11171
11181
11253
11256
11539
11592
11620
11866
11921
11950
11953
11960
12029
12164
12589
12665
12778
12868
12890
12896
12932
12965
13013
13099
13100
13548
13582
13827
14002
14105
14309
14324
14393
14559
14616
14644
14771
14794
14873
14967
15073
15094
15154
15376
15521
15649
15666
15891
15928
15934
15971
16274
16397
16788
17207
17768
17975
18258
19107
19237
19250
19331
19418
19540
19578
19825
19841
19856
19935
20149
20471
20762
20854
21213
21316
21337
21408
21427
21613
21642
22453
22454
22686
22753
22849
23067
23099
23104
23145
23388
23831
23975
24458
24464
24475
24505
24929
24993
24995
25786
26216
26222
26268
26271
26342
26791
26852
26896
27023
27091
27529
27684
27841
27910
28128
28181
28279
28444
28671
29202
29611
29616
29799
30043
30211
30222
30377
30762
30852
31122
31143
31517
31722
31768
31823
32219
32458
32543
33173
33239
33647
34040
34373
34772
35432
35777
35863
35923
36137
36162
36400
36510
36710
36718
37193
37679
38170
38203
38552
38617
38964
39198
39362
40032
40140
40272
41097
41412
42621
43382
43488
43664
43863
43872
44774
44933
45348
45731
45789
46148
46170
46301
46625
47098
47223
48210
48809
49148
49404
49886
50238
50949
51168
51360
51383
52030
52433
52964
53398
53480
53912
56838
56914
57325
57530
57553
58043
58560
58815
59995
60079
60771
60906
63666
63997
64550
64715
65526
66651
66725
66863
66956
67017
67037
67510
67648
69717
70159
72212
72409
72962
73629
76486
76554
78422
78915
81068
82582
85569
86537
87253
90581
90645
91419
98416
100401
105464
112265
115642
132272
137177
142102
157110
158760
189238
192113
192178
192980
206324
227755
230157
240742
280922
297540
317411
319187
347592
352976
358592
371368
373060
380151
381627
409623
508422
516321
526195
543786
the total of SCaffold is 1526


