Chr019
153
421
658
666
1450
1656
1899
2125
2141
2771
4412
4425
4600
5527
5793
7461
8339
12659
49336
124022
253936
258676
260484
297781
300496
320507
364884
456541
539955
542842
573692
574959
947984
1048167
1083417
1471191
1716580
2346182
2355434
2399162
2590308
2613155
3034898
3780740
3974232
4201314
4331313
4377052
4722106
5051877
5060596
5867722
6939320
7086868
7417013
8154453
8959311
10440801
10448725
11199485
12329541
20956697
22780769
28275667
32154227
33240630
46823118
the total of Chr019 is 67


