Chr018
144
153
183
225
228
1124
1438
1916
3867
11887
18896
21004
25151
55090
56146
68600
80083
93023
94291
94661
99066
130607
260250
298643
304522
357115
357286
382700
399687
401733
468269
564825
588425
619281
636029
658928
705975
752308
1849362
1849528
2117965
2402435
2443931
2682727
3034011
3429018
6453800
6492485
6519349
7799562
7984172
8913022
8915117
8916217
8917461
9566775
9718155
9761938
9888402
9905145
10517947
10868250
12099451
14903634
14904168
14922912
16978450
18273810
19045204
21246992
21247632
21557711
22561867
23495591
25998360
26295280
27327001
29332978
30829890
31787454
32117165
33663150
34836039
35646609
40721211
40861405
41521189
47581392
the total of Chr018 is 88


