CHR	start     	end       	length    
Chr01	340080    	39913488  	39573408  
Chr01	1400155   	1400844   	689       
Chr01	1821714   	4502224   	2680510   
Chr01	2166444   	8552087   	6385643   
Chr01	4208833   	13315037  	9106204   
Chr01	4966805   	12830473  	7863668   
Chr01	5310343   	40852100  	35541757  
Chr01	6159483   	34654019  	28494536  
Chr01	6486104   	13756157  	7270053   
Chr01	6954477   	36711618  	29757141  
Chr01	7150003   	35142436  	27992433  
Chr01	7695308   	7696100   	792       
Chr01	7754992   	7755229   	237       
Chr01	7916944   	16733819  	8816875   
Chr01	8229788   	18133318  	9903530   
Chr01	8571750   	11724551  	3152801   
Chr01	9033705   	55698763  	46665058  
Chr01	9056345   	56484353  	47428008  
Chr01	9119420   	9127169   	7749      
Chr01	10124497  	48200140  	38075643  
Chr01	10124666  	48200046  	38075380  
Chr01	10410352  	22075846  	11665494  
Chr01	10540288  	30094795  	19554507  
Chr01	11076313  	41990833  	30914520  
Chr01	12034458  	25863855  	13829397  
Chr01	12200968  	15385353  	3184385   
Chr01	12959016  	13341918  	382902    
Chr01	16582562  	23279518  	6696956   
Chr01	16674402  	35766849  	19092447  
Chr01	17624439  	19187094  	1562655   
Chr01	17719295  	28988149  	11268854  
Chr01	18009936  	31231121  	13221185  
Chr01	18039023  	22007047  	3968024   
Chr01	18065865  	21228432  	3162567   
Chr01	19588260  	21335634  	1747374   
Chr01	20141875  	41384737  	21242862  
Chr01	21054314  	22430160  	1375846   
Chr01	21319163  	36481648  	15162485  
Chr01	21751505  	38275270  	16523765  
Chr01	21869999  	21926917  	56918     
Chr01	22406984  	42621350  	20214366  
Chr01	24912316  	40906725  	15994409  
Chr01	25489729  	25489902  	173       
Chr01	26756822  	35975667  	9218845   
Chr01	28409841  	31374974  	2965133   
Chr01	29522320  	35766907  	6244587   
Chr01	30191480  	53488121  	23296641  
Chr01	30619614  	33046643  	2427029   
Chr01	30914450  	32152947  	1238497   
Chr01	31624502  	39578991  	7954489   
Chr01	31654372  	53488670  	21834298  
Chr01	31654637  	53488650  	21834013  
Chr01	32734788  	40781503  	8046715   
Chr01	32734982  	49097263  	16362281  
Chr01	32987537  	46503666  	13516129  
Chr01	32987747  	46503870  	13516123  
Chr01	33858572  	46503582  	12645010  
Chr01	34358095  	53211506  	18853411  
Chr01	34690590  	37065497  	2374907   
Chr01	35648110  	55374723  	19726613  
Chr01	35678287  	53489530  	17811243  
Chr01	35678518  	53489356  	17810838  
Chr01	37164685  	37196513  	31828     
Chr01	39579393  	49097266  	9517873   
Chr01	40222854  	56248902  	16026048  
Chr01	42485239  	42496129  	10890     
Chr01	42494756  	42773500  	278744    
Chr01	46197360  	50414279  	4216919   
Chr01	46505204  	46505469  	265       
Chr01	53489301  	55393006  	1903705   
Chr02	1387873   	45030911  	43643038  
Chr02	3175255   	27514647  	24339392  
Chr02	3332786   	41565394  	38232608  
Chr02	4312675   	4312843   	168       
Chr02	4901743   	36616958  	31715215  
Chr02	5229710   	5249731   	20021     
Chr02	6621757   	24257877  	17636120  
Chr02	9121173   	32694080  	23572907  
Chr02	9378464   	36181174  	26802710  
Chr02	11259293  	13759360  	2500067   
Chr02	17611257  	17611374  	117       
Chr02	18018313  	27125245  	9106932   
Chr02	18493239  	29376663  	10883424  
Chr02	18778380  	23340157  	4561777   
Chr02	18778459  	23340047  	4561588   
Chr02	19823902  	20256506  	432604    
Chr02	20528501  	25026308  	4497807   
Chr02	21373561  	33383708  	12010147  
Chr02	22482286  	25654853  	3172567   
Chr02	23935664  	38975713  	15040049  
Chr02	25434500  	27981724  	2547224   
Chr02	27232440  	32352015  	5119575   
Chr02	28860984  	37468717  	8607733   
Chr02	31751713  	34850328  	3098615   
Chr02	37406178  	38929787  	1523609   
Chr02	45688996  	45689298  	302       
Chr03	51657     	53476     	1819      
Chr03	2068567   	2263443   	194876    
Chr03	2615800   	2658172   	42372     
Chr03	2617895   	2657150   	39255     
Chr03	3059016   	8796050   	5737034   
Chr03	3060574   	8781463   	5720889   
Chr03	3270230   	36087732  	32817502  
Chr03	3439511   	33402278  	29962767  
Chr03	3439545   	33402027  	29962482  
Chr03	3783880   	18140327  	14356447  
Chr03	3784014   	18140643  	14356629  
Chr03	3784001   	18165109  	14381108  
Chr03	4028978   	4054673   	25695     
Chr03	4029653   	4200138   	170485    
Chr03	4044444   	4169873   	125429    
Chr03	4075723   	4877201   	801478    
Chr03	4123405   	4794282   	670877    
Chr03	4123503   	4794247   	670744    
Chr03	4123899   	4831471   	707572    
Chr03	4125646   	4914043   	788397    
Chr03	4149530   	4934077   	784547    
Chr03	4158902   	4874723   	715821    
Chr03	4169942   	4802391   	632449    
Chr03	4170072   	4802275   	632203    
Chr03	4199726   	4597669   	397943    
Chr03	4200122   	4794360   	594238    
Chr03	4200862   	4855032   	654170    
Chr03	4201021   	4793335   	592314    
Chr03	4218149   	4904546   	686397    
Chr03	4219069   	4903932   	684863    
Chr03	4332955   	33315063  	28982108  
Chr03	7127642   	7424757   	297115    
Chr03	7264565   	20382791  	13118226  
Chr03	7264655   	20382839  	13118184  
Chr03	9131139   	19519502  	10388363  
Chr03	9326664   	9326834   	170       
Chr03	9735588   	9744330   	8742      
Chr03	10036949  	39658279  	29621330  
Chr03	10217519  	16587653  	6370134   
Chr03	10243674  	32538537  	22294863  
Chr03	10918426  	10921579  	3153      
Chr03	11540622  	24083959  	12543337  
Chr03	11566592  	11775242  	208650    
Chr03	11998212  	15673930  	3675718   
Chr03	12217086  	22025644  	9808558   
Chr03	12873772  	27380071  	14506299  
Chr03	13091336  	15959511  	2868175   
Chr03	13383408  	15871264  	2487856   
Chr03	13800595  	35021516  	21220921  
Chr03	14028530  	34792097  	20763567  
Chr03	14096470  	41744739  	27648269  
Chr03	14767562  	14777668  	10106     
Chr03	14774489  	14777885  	3396      
Chr03	16089525  	20848542  	4759017   
Chr03	16116303  	21349744  	5233441   
Chr03	18246315  	28121915  	9875600   
Chr03	18246548  	28121988  	9875440   
Chr03	20169487  	24319164  	4149677   
Chr03	21676442  	25159439  	3482997   
Chr03	21827830  	35147314  	13319484  
Chr03	22217647  	25061771  	2844124   
Chr03	23588129  	24740592  	1152463   
Chr03	25222185  	32872839  	7650654   
Chr03	26254385  	37773254  	11518869  
Chr03	28610953  	45433869  	16822916  
Chr03	28823220  	40027187  	11203967  
Chr03	31649617  	43902241  	12252624  
Chr03	34307310  	34371175  	63865     
Chr03	35354450  	35355178  	728       
Chr03	36256547  	41795820  	5539273   
Chr03	38053601  	38090431  	36830     
Chr03	38053824  	38090252  	36428     
Chr03	40584346  	42524747  	1940401   
Chr04	1062519   	12472815  	11410296  
Chr04	2580523   	27205476  	24624953  
Chr04	3109900   	3110227   	327       
Chr04	4585819   	45270873  	40685054  
Chr04	7411519   	16076762  	8665243   
Chr04	9573809   	33841815  	24268006  
Chr04	9573979   	33841960  	24267981  
Chr04	9589826   	9833068   	243242    
Chr04	9590619   	9832000   	241381    
Chr04	10140273  	10330853  	190580    
Chr04	10317924  	34337885  	24019961  
Chr04	10354072  	10355335  	1263      
Chr04	10637059  	11071905  	434846    
Chr04	11554204  	50581731  	39027527  
Chr04	11767810  	15031498  	3263688   
Chr04	11820714  	11823399  	2685      
Chr04	11823896  	18397892  	6573996   
Chr04	11824118  	18397722  	6573604   
Chr04	12716323  	33798434  	21082111  
Chr04	13052393  	13170702  	118309    
Chr04	13591731  	41503579  	27911848  
Chr04	15617436  	15617589  	153       
Chr04	16157752  	20561745  	4403993   
Chr04	16842162  	16842399  	237       
Chr04	18031391  	21126203  	3094812   
Chr04	18647479  	39755383  	21107904  
Chr04	19182306  	27327731  	8145425   
Chr04	19712862  	20140933  	428071    
Chr04	20001461  	20001626  	165       
Chr04	20035640  	39089434  	19053794  
Chr04	20035736  	39089274  	19053538  
Chr04	20114858  	22027877  	1913019   
Chr04	20115063  	22027787  	1912724   
Chr04	21378761  	43454775  	22076014  
Chr04	21577713  	26029728  	4452015   
Chr04	21577723  	26030866  	4453143   
Chr04	21578094  	25947584  	4369490   
Chr04	21578200  	26026753  	4448553   
Chr04	21822383  	22743303  	920920    
Chr04	21954370  	25562076  	3607706   
Chr04	21954443  	25561275  	3606832   
Chr04	22031930  	40966150  	18934220  
Chr04	22153860  	39136867  	16983007  
Chr04	22237536  	30683598  	8446062   
Chr04	22301994  	32466954  	10164960  
Chr04	23060196  	31947285  	8887089   
Chr04	23166177  	43723424  	20557247  
Chr04	23166220  	39247294  	16081074  
Chr04	24538910  	32313425  	7774515   
Chr04	24637371  	33520487  	8883116   
Chr04	24677065  	29715872  	5038807   
Chr04	25558863  	43422937  	17864074  
Chr04	25563434  	43423028  	17859594  
Chr04	25894816  	37439804  	11544988  
Chr04	25944082  	35343663  	9399581   
Chr04	25975054  	35343531  	9368477   
Chr04	26915607  	34331830  	7416223   
Chr04	27550655  	49938931  	22388276  
Chr04	28724375  	29301827  	577452    
Chr04	29906823  	33399515  	3492692   
Chr04	30670413  	34134938  	3464525   
Chr04	31183387  	41135605  	9952218   
Chr04	33842130  	50860151  	17018021  
Chr04	33842225  	33842367  	142       
Chr04	33843169  	49313348  	15470179  
Chr04	33843672  	33843854  	182       
Chr04	35074958  	35075174  	216       
Chr04	37525082  	38225026  	699944    
Chr04	38321145  	44149036  	5827891   
Chr04	40286414  	42967241  	2680827   
Chr04	41597880  	41861766  	263886    
Chr04	41598092  	42257581  	659489    
Chr04	42257789  	42263653  	5864      
Chr04	46272604  	46295490  	22886     
Chr04	46497838  	46498005  	167       
Chr04	47465017  	47833910  	368893    
Chr05	3703930   	40466380  	36762450  
Chr05	4606533   	31581812  	26975279  
Chr05	4917947   	26781976  	21864029  
Chr05	5024528   	36073029  	31048501  
Chr05	5753341   	34732013  	28978672  
Chr05	5753586   	34732027  	28978441  
Chr05	6758506   	15000891  	8242385   
Chr05	7920105   	12908713  	4988608   
Chr05	8974897   	21734942  	12760045  
Chr05	9503111   	29396186  	19893075  
Chr05	10510253  	25213067  	14702814  
Chr05	10581864  	10582070  	206       
Chr05	12624703  	28964226  	16339523  
Chr05	13816752  	23292188  	9475436   
Chr05	14104568  	17876445  	3771877   
Chr05	14498699  	29429606  	14930907  
Chr05	14965898  	14966021  	123       
Chr05	14966058  	37664215  	22698157  
Chr05	16230717  	16943400  	712683    
Chr05	16230727  	16939687  	708960    
Chr05	16251891  	16945926  	694035    
Chr05	16253835  	16943223  	689388    
Chr05	16253979  	16941774  	687795    
Chr05	16254006  	16731468  	477462    
Chr05	16261746  	16943422  	681676    
Chr05	16261850  	16961916  	700066    
Chr05	16262618  	16946281  	683663    
Chr05	16270166  	16945692  	675526    
Chr05	16274344  	16943638  	669294    
Chr05	16312494  	21724783  	5412289   
Chr05	16351699  	16659870  	308171    
Chr05	16358618  	21721015  	5362397   
Chr05	17654504  	21043460  	3388956   
Chr05	18791655  	20100016  	1308361   
Chr05	19079441  	24450985  	5371544   
Chr05	19079553  	24451101  	5371548   
Chr05	20142730  	29477057  	9334327   
Chr05	20849532  	29663752  	8814220   
Chr05	20888798  	20891112  	2314      
Chr05	20888828  	20891110  	2282      
Chr05	21720639  	21847384  	126745    
Chr05	21724690  	21844716  	120026    
Chr05	21732823  	21755018  	22195     
Chr05	21733085  	21756139  	23054     
Chr05	21733196  	21755792  	22596     
Chr05	21733843  	21755422  	21579     
Chr05	21734235  	21755043  	20808     
Chr05	21734812  	21755277  	20465     
Chr05	21734964  	21755253  	20289     
Chr05	21739283  	21764020  	24737     
Chr05	21740161  	21760937  	20776     
Chr05	21747635  	21760746  	13111     
Chr05	24322108  	27949959  	3627851   
Chr05	28408485  	29533333  	1124848   
Chr05	29019255  	29030016  	10761     
Chr05	29582224  	29583072  	848       
Chr05	33069448  	33069658  	210       
Chr05	34061317  	36879892  	2818575   
Chr05	36200066  	36226756  	26690     
Chr05	39126551  	39127479  	928       
Chr06	1427757   	1437178   	9421      
Chr06	2807364   	2807593   	229       
Chr06	4501093   	39165747  	34664654  
Chr06	6592214   	31520928  	24928714  
Chr06	8310233   	8315343   	5110      
Chr06	9302355   	43320604  	34018249  
Chr06	10014141  	37361127  	27346986  
Chr06	11353862  	16627453  	5273591   
Chr06	11544002  	44224990  	32680988  
Chr06	11681856  	19199993  	7518137   
Chr06	13184615  	42062908  	28878293  
Chr06	14929940  	16603395  	1673455   
Chr06	15453951  	19729672  	4275721   
Chr06	16932332  	16932541  	209       
Chr06	17606761  	18396972  	790211    
Chr06	17645643  	20154222  	2508579   
Chr06	17955650  	48288985  	30333335  
Chr06	18626522  	18628186  	1664      
Chr06	19555533  	26278906  	6723373   
Chr06	20224402  	26578358  	6353956   
Chr06	21366086  	21738302  	372216    
Chr06	23309264  	47118185  	23808921  
Chr06	23309324  	47118501  	23809177  
Chr06	24828171  	25757329  	929158    
Chr06	25128690  	25791087  	662397    
Chr06	25851147  	25920024  	68877     
Chr06	26395807  	26415256  	19449     
Chr06	26804927  	36811066  	10006139  
Chr06	27360421  	29735375  	2374954   
Chr06	27738219  	30234709  	2496490   
Chr06	28259023  	28259235  	212       
Chr06	28542171  	28564199  	22028     
Chr06	29863841  	29864035  	194       
Chr06	30595976  	30599562  	3586      
Chr06	30596097  	30599475  	3378      
Chr06	30898237  	33327910  	2429673   
Chr06	32910107  	42785106  	9874999   
Chr06	33193587  	41812035  	8618448   
Chr06	33291679  	38007869  	4716190   
Chr06	33689538  	34271534  	581996    
Chr06	34009721  	37210395  	3200674   
Chr06	37476850  	37613043  	136193    
Chr06	37537893  	40732827  	3194934   
Chr06	39116868  	43387746  	4270878   
Chr06	40629172  	45261434  	4632262   
Chr06	41043246  	41043417  	171       
Chr06	42951373  	42951482  	109       
Chr06	43306899  	47529115  	4222216   
Chr06	45088801  	45731394  	642593    
Chr06	45808728  	45809131  	403       
Chr06	46409338  	46435376  	26038     
Chr06	47118358  	47118511  	153       
Chr06	48670753  	48740512  	69759     
Chr07	96858     	97031     	173       
Chr07	1531356   	1531866   	510       
Chr07	2167738   	13733644  	11565906  
Chr07	3076206   	25068015  	21991809  
Chr07	4933255   	21761183  	16827928  
Chr07	5007340   	41040025  	36032685  
Chr07	5561799   	5834086   	272287    
Chr07	5563876   	5832245   	268369    
Chr07	5564576   	5831590   	267014    
Chr07	5571323   	5866884   	295561    
Chr07	5575047   	5820288   	245241    
Chr07	5600802   	5894773   	293971    
Chr07	5600949   	5825405   	224456    
Chr07	5602451   	5824178   	221727    
Chr07	5602490   	5893318   	290828    
Chr07	5704193   	5820163   	115970    
Chr07	5704261   	5889823   	185562    
Chr07	5718829   	5894805   	175976    
Chr07	5719215   	5868618   	149403    
Chr07	5719325   	5868500   	149175    
Chr07	5719535   	5825212   	105677    
Chr07	5725611   	5888815   	163204    
Chr07	5967473   	5968915   	1442      
Chr07	6049751   	44323890  	38274139  
Chr07	7204787   	30034060  	22829273  
Chr07	8906327   	15665300  	6758973   
Chr07	10678204  	13573335  	2895131   
Chr07	10763427  	13758487  	2995060   
Chr07	13341200  	13341376  	176       
Chr07	15437088  	35472736  	20035648  
Chr07	20593359  	31219615  	10626256  
Chr07	20747531  	22542257  	1794726   
Chr07	20747540  	22545286  	1797746   
Chr07	21995501  	31213698  	9218197   
Chr07	22271351  	24685009  	2413658   
Chr07	22282523  	24690980  	2408457   
Chr07	22545353  	22760045  	214692    
Chr07	23014349  	25341355  	2327006   
Chr07	23165525  	23246244  	80719     
Chr07	23168362  	26109917  	2941555   
Chr07	23438372  	28629684  	5191312   
Chr07	23523435  	23598033  	74598     
Chr07	24619186  	24621127  	1941      
Chr07	24619517  	24621822  	2305      
Chr07	25804095  	27329877  	1525782   
Chr07	25834979  	27672093  	1837114   
Chr07	26532321  	32754817  	6222496   
Chr07	26646246  	30163530  	3517284   
Chr07	26692749  	27582090  	889341    
Chr07	27808893  	28169353  	360460    
Chr07	28457046  	31827684  	3370638   
Chr07	33213450  	42756880  	9543430   
Chr07	35472116  	43914266  	8442150   
Chr08	1163901   	23444334  	22280433  
Chr08	2050423   	45393930  	43343507  
Chr08	4132324   	21191646  	17059322  
Chr08	5535163   	6835284   	1300121   
Chr08	6116349   	6116619   	270       
Chr08	6309630   	15321955  	9012325   
Chr08	8115133   	19577657  	11462524  
Chr08	11108664  	13365847  	2257183   
Chr08	11108800  	13364891  	2256091   
Chr08	12253593  	12254560  	967       
Chr08	12441293  	14685945  	2244652   
Chr08	12749225  	13328972  	579747    
Chr08	13198849  	13199012  	163       
Chr08	13500136  	18716187  	5216051   
Chr08	14244235  	20617270  	6373035   
Chr08	16185331  	36301348  	20116017  
Chr08	16453545  	37362550  	20909005  
Chr08	18594529  	39728694  	21134165  
Chr08	19402387  	25290538  	5888151   
Chr08	19945231  	47500584  	27555353  
Chr08	23524427  	46524335  	22999908  
Chr08	24970951  	28731673  	3760722   
Chr08	25775830  	37600036  	11824206  
Chr08	27139605  	41249545  	14109940  
Chr08	29383992  	29449397  	65405     
Chr08	31064897  	31095782  	30885     
Chr08	31663201  	31663693  	492       
Chr08	31663385  	31663534  	149       
Chr08	32400360  	32400653  	293       
Chr08	38324591  	38324738  	147       
Chr08	39310672  	40577968  	1267296   
Chr08	41903705  	41903836  	131       
Chr08	47421496  	47421658  	162       
Chr09	1137453   	41260049  	40122596  
Chr09	1203486   	20485149  	19281663  
Chr09	1700197   	1707982   	7785      
Chr09	2169365   	48059012  	45889647  
Chr09	2240771   	2241085   	314       
Chr09	2244604   	2244751   	147       
Chr09	3732197   	33304371  	29572174  
Chr09	5290073   	5290239   	166       
Chr09	5290301   	40342749  	35052448  
Chr09	5290360   	5290488   	128       
Chr09	5290364   	35889306  	30598942  
Chr09	6941413   	14981478  	8040065   
Chr09	8347328   	24283240  	15935912  
Chr09	8409408   	47558919  	39149511  
Chr09	9354552   	15449941  	6095389   
Chr09	10344370  	49672988  	39328618  
Chr09	13565478  	24654393  	11088915  
Chr09	13669234  	15323201  	1653967   
Chr09	14723538  	19944287  	5220749   
Chr09	16608994  	46854665  	30245671  
Chr09	17646245  	31609943  	13963698  
Chr09	21172211  	21177499  	5288      
Chr09	22604769  	26040778  	3436009   
Chr09	22711668  	25658330  	2946662   
Chr09	23444967  	24367106  	922139    
Chr09	25658338  	25875135  	216797    
Chr09	26568050  	47114206  	20546156  
Chr09	28445287  	33828717  	5383430   
Chr09	29608225  	29618811  	10586     
Chr09	29976407  	29980731  	4324      
Chr09	33307198  	38824576  	5517378   
Chr09	33307678  	38824252  	5516574   
Chr09	34689862  	43604555  	8914693   
Chr09	38824275  	38824394  	119       
Chr09	38824450  	38824600  	150       
Chr09	39951266  	40321896  	370630    
Chr09	41692300  	45328029  	3635729   
Chr09	47221122  	48670723  	1449601   
Chr10	269649    	30867002  	30597353  
Chr10	3688585   	34272393  	30583808  
Chr10	3817756   	13413414  	9595658   
Chr10	3817776   	13410947  	9593171   
Chr10	3818825   	13410879  	9592054   
Chr10	3818878   	13413309  	9594431   
Chr10	5540997   	48351919  	42810922  
Chr10	5664278   	5707789   	43511     
Chr10	6272949   	9800769   	3527820   
Chr10	6306800   	7385886   	1079086   
Chr10	6784429   	23445368  	16660939  
Chr10	6878102   	9389638   	2511536   
Chr10	8303163   	28020579  	19717416  
Chr10	10309735  	23563631  	13253896  
Chr10	10635002  	13669235  	3034233   
Chr10	10804594  	28368983  	17564389  
Chr10	10989732  	15473229  	4483497   
Chr10	11550924  	20978533  	9427609   
Chr10	11595559  	11597427  	1868      
Chr10	11983955  	11984074  	119       
Chr10	13421974  	33338853  	19916879  
Chr10	13832095  	18930711  	5098616   
Chr10	14174829  	29406753  	15231924  
Chr10	14218430  	14305416  	86986     
Chr10	14420891  	18684414  	4263523   
Chr10	14542635  	33137269  	18594634  
Chr10	14542815  	34560266  	20017451  
Chr10	14724003  	18643885  	3919882   
Chr10	14731222  	18636787  	3905565   
Chr10	15060677  	46191252  	31130575  
Chr10	16151252  	33137427  	16986175  
Chr10	17057482  	19009107  	1951625   
Chr10	17272741  	29315775  	12043034  
Chr10	17333316  	22407505  	5074189   
Chr10	18029389  	50724920  	32695531  
Chr10	20661100  	20661454  	354       
Chr10	22739604  	28446724  	5707120   
Chr10	25449897  	34295235  	8845338   
Chr10	26269570  	33244668  	6975098   
Chr10	28418579  	45933682  	17515103  
Chr10	30848359  	38731656  	7883297   
Chr10	34522714  	34526147  	3433      
Chr10	34525502  	34525686  	184       
Chr10	34748966  	34749132  	166       
Chr10	38324994  	39823456  	1498462   
Chr10	39212012  	50558861  	11346849  
Chr10	40345836  	40346341  	505       
Chr10	41450347  	41450489  	142       
Chr10	42341253  	42351477  	10224     
Chr10	47549613  	51150490  	3600877   
Chr10	48082064  	48104812  	22748     
Chr11	369966    	963940    	593974    
Chr11	391060    	15363111  	14972051  
Chr11	963951    	6090724   	5126773   
Chr11	963947    	25378001  	24414054  
Chr11	1722489   	28944342  	27221853  
Chr11	1816616   	20078133  	18261517  
Chr11	3778620   	3778743   	123       
Chr11	4078009   	33358244  	29280235  
Chr11	4800868   	30552673  	25751805  
Chr11	8753811   	8753938   	127       
Chr11	8839928   	10971991  	2132063   
Chr11	8840043   	10972050  	2132007   
Chr11	9916474   	9916734   	260       
Chr11	11086703  	11087767  	1064      
Chr11	11113684  	12447690  	1334006   
Chr11	13185789  	13574041  	388252    
Chr11	15042475  	17092067  	2049592   
Chr11	15230781  	15889151  	658370    
Chr11	16168361  	16209040  	40679     
Chr11	16168404  	16209073  	40669     
Chr11	16193613  	33222302  	17028689  
Chr11	17043569  	17643901  	600332    
Chr11	17781486  	20178680  	2397194   
Chr11	18019322  	18723093  	703771    
Chr11	18022098  	18720295  	698197    
Chr11	18288702  	18502453  	213751    
Chr11	18289086  	18502263  	213177    
Chr11	18583158  	33036031  	14452873  
Chr11	23314598  	23319101  	4503      
Chr11	23837367  	27184002  	3346635   
Chr11	26923837  	28015516  	1091679   
Chr11	32552601  	32561666  	9065      
Chr11	33087131  	33089707  	2576      
Chr12	1326715   	1327584   	869       
Chr12	2454115   	11373242  	8919127   
Chr12	2566703   	37050357  	34483654  
Chr12	3047996   	3050103   	2107      
Chr12	3048066   	3050163   	2097      
Chr12	4254595   	24273271  	20018676  
Chr12	4303867   	9169945   	4866078   
Chr12	5275271   	5276840   	1569      
Chr12	5447161   	22445214  	16998053  
Chr12	5627744   	15945318  	10317574  
Chr12	7037584   	21353622  	14316038  
Chr12	8494098   	37442634  	28948536  
Chr12	9142696   	20915071  	11772375  
Chr12	9824378   	9825201   	823       
Chr12	11386552  	32766899  	21380347  
Chr12	11494759  	28796319  	17301560  
Chr12	11718860  	11729703  	10843     
Chr12	12627937  	18167729  	5539792   
Chr12	13595112  	29096571  	15501459  
Chr12	14726883  	14847999  	121116    
Chr12	14975734  	14978527  	2793      
Chr12	17509161  	28504433  	10995272  
Chr12	20294461  	26588763  	6294302   
Chr12	22455541  	22560327  	104786    
Chr12	23079180  	23079447  	267       
Chr12	23388751  	23388856  	105       
Chr12	24275182  	33276016  	9000834   
Chr12	24275204  	33275910  	9000706   
Chr12	24345801  	36831054  	12485253  
Chr12	24535467  	28784374  	4248907   
Chr12	25648490  	38792185  	13143695  
Chr12	35480309  	39184891  	3704582   
Chr12	35926503  	35935064  	8561      
Chr12	37956873  	37957112  	239       
Chr12	39184613  	39192027  	7414      
Chr12	39184777  	39193581  	8804      
Chr12	39184818  	39184960  	142       
Chr12	39185229  	39189267  	4038      
Chr12	39185471  	39185686  	215       
Chr12	39186789  	39187025  	236       
Chr12	39190543  	39192479  	1936      
Chr12	39191880  	39192015  	135       
Chr12	39191915  	39192181  	266       
Chr12	39192538  	39192667  	129       
Chr13	60981     	1790174   	1729193   
Chr13	797206    	834425    	37219     
Chr13	965039    	2849867   	1884828   
Chr13	1154181   	26185481  	25031300  
Chr13	1524339   	1698285   	173946    
Chr13	4432530   	6445685   	2013155   
Chr13	4899921   	9201923   	4302002   
Chr13	4968718   	12638629  	7669911   
Chr13	4971587   	12638548  	7666961   
Chr13	5248075   	5248284   	209       
Chr13	5510457   	33191668  	27681211  
Chr13	7151850   	9069470   	1917620   
Chr13	7358284   	11593312  	4235028   
Chr13	7358319   	16859261  	9500942   
Chr13	7358374   	24997022  	17638648  
Chr13	7358869   	44441657  	37082788  
Chr13	7848294   	38997659  	31149365  
Chr13	8122434   	17864585  	9742151   
Chr13	8373814   	9438871   	1065057   
Chr13	8437252   	32552377  	24115125  
Chr13	8610559   	36546074  	27935515  
Chr13	8924383   	9350801   	426418    
Chr13	11009311  	29466787  	18457476  
Chr13	11685557  	14490048  	2804491   
Chr13	15723619  	30966823  	15243204  
Chr13	15828751  	45761185  	29932434  
Chr13	16456435  	23458594  	7002159   
Chr13	16734655  	16734881  	226       
Chr13	16858745  	16858894  	149       
Chr13	16858881  	16858992  	111       
Chr13	17134845  	19331570  	2196725   
Chr13	17156760  	17156895  	135       
Chr13	18929288  	19683286  	753998    
Chr13	19689685  	38762872  	19073187  
Chr13	20280689  	32987178  	12706489  
Chr13	21388960  	33866602  	12477642  
Chr13	22747476  	34238867  	11491391  
Chr13	22747867  	22748026  	159       
Chr13	24376862  	42574690  	18197828  
Chr13	24996420  	24996714  	294       
Chr13	27011431  	28182726  	1171295   
Chr13	27063793  	34238872  	7175079   
Chr13	29439059  	44926687  	15487628  
Chr13	29862436  	30174967  	312531    
Chr13	29862690  	30207419  	344729    
Chr13	30343401  	30420341  	76940     
Chr13	30391393  	30663766  	272373    
Chr13	30663703  	30917950  	254247    
Chr13	31053285  	31120833  	67548     
Chr13	31053462  	31120636  	67174     
Chr13	33716694  	33740521  	23827     
Chr13	37025204  	43483971  	6458767   
Chr14	888450    	1001814   	113364    
Chr14	3168465   	3356750   	188285    
Chr14	3192127   	3357523   	165396    
Chr14	3192204   	3357108   	164904    
Chr14	3297225   	3367514   	70289     
Chr14	4289198   	6896795   	2607597   
Chr14	6333497   	6399457   	65960     
Chr14	9422644   	14412688  	4990044   
Chr14	9750999   	38789734  	29038735  
Chr14	10377273  	40196078  	29818805  
Chr14	10477931  	17338332  	6860401   
Chr14	10599542  	34619743  	24020201  
Chr14	10997684  	21216032  	10218348  
Chr14	11684080  	16009103  	4325023   
Chr14	11684094  	16009184  	4325090   
Chr14	13015712  	27432789  	14417077  
Chr14	13015908  	27432699  	14416791  
Chr14	13444753  	28096139  	14651386  
Chr14	14855609  	29929242  	15073633  
Chr14	16009090  	39235429  	23226339  
Chr14	16082040  	16330434  	248394    
Chr14	16177436  	34174938  	17997502  
Chr14	16604974  	24857946  	8252972   
Chr14	16778395  	48267311  	31488916  
Chr14	17729030  	29842254  	12113224  
Chr14	18071013  	18765375  	694362    
Chr14	19770525  	38396753  	18626228  
Chr14	20131854  	43698940  	23567086  
Chr14	22471296  	31280496  	8809200   
Chr14	26515881  	30601259  	4085378   
Chr14	28103186  	40497595  	12394409  
Chr14	28103272  	40497343  	12394071  
Chr14	28354067  	38524611  	10170544  
Chr14	28998133  	28998371  	238       
Chr14	29662089  	29662311  	222       
Chr14	29941907  	35532888  	5590981   
Chr14	29942310  	35532877  	5590567   
Chr14	29946635  	35532868  	5586233   
Chr14	29959693  	35532864  	5573171   
Chr14	29995177  	35532862  	5537685   
Chr14	29996354  	35532772  	5536418   
Chr14	29996464  	35532871  	5536407   
Chr14	29998528  	35532874  	5534346   
Chr14	30144500  	38697508  	8553008   
Chr14	30144557  	38697435  	8552878   
Chr14	31640396  	31640608  	212       
Chr14	32056763  	37473344  	5416581   
Chr14	32058615  	37460619  	5402004   
Chr14	35033081  	35033274  	193       
Chr14	37240953  	45928611  	8687658   
Chr14	38679256  	39217337  	538081    
Chr14	42181147  	43262985  	1081838   
Chr14	44981952  	44982223  	271       
Chr14	45470786  	45470884  	98        
Chr14	46955358  	47047006  	91648     
Chr14	46995402  	47047247  	51845     
Chr14	47013872  	47050224  	36352     
Chr14	47016974  	47047573  	30599     
Chr14	47017676  	47046660  	28984     
Chr14	47048743  	47196814  	148071    
Chr14	48944614  	48993659  	49045     
Chr15	311948    	20448501  	20136553  
Chr15	919257    	15697809  	14778552  
Chr15	1768310   	2175590   	407280    
Chr15	3052633   	39904844  	36852211  
Chr15	3058332   	26183665  	23125333  
Chr15	4760829   	4761027   	198       
Chr15	6362427   	45815040  	39452613  
Chr15	6517086   	39468682  	32951596  
Chr15	7049686   	44967293  	37917607  
Chr15	7252467   	10107521  	2855054   
Chr15	7586327   	24515285  	16928958  
Chr15	8462956   	47405530  	38942574  
Chr15	9411268   	9442802   	31534     
Chr15	13595443  	23317696  	9722253   
Chr15	13595515  	23297129  	9701614   
Chr15	13843721  	13843984  	263       
Chr15	19390318  	19390528  	210       
Chr15	19591681  	19591793  	112       
Chr15	19595061  	19595184  	123       
Chr15	21411002  	21415967  	4965      
Chr15	21454724  	45113815  	23659091  
Chr15	21462473  	29810345  	8347872   
Chr15	22948451  	22958804  	10353     
Chr15	23765365  	23766836  	1471      
Chr15	23819329  	23829769  	10440     
Chr15	23844237  	30839283  	6995046   
Chr15	24329502  	38352888  	14023386  
Chr15	24389415  	35096142  	10706727  
Chr15	24464494  	29668109  	5203615   
Chr15	24914219  	46765895  	21851676  
Chr15	24962120  	35490538  	10528418  
Chr15	24963113  	28798268  	3835155   
Chr15	25275726  	31122098  	5846372   
Chr15	26096424  	38117763  	12021339  
Chr15	26135602  	26313343  	177741    
Chr15	26145459  	28750754  	2605295   
Chr15	26747647  	37223985  	10476338  
Chr15	27954075  	32462980  	4508905   
Chr15	28098416  	42785504  	14687088  
Chr15	28133484  	28851037  	717553    
Chr15	28285292  	28850814  	565522    
Chr15	28329532  	35490479  	7160947   
Chr15	28330125  	28850708  	520583    
Chr15	28703216  	37656799  	8953583   
Chr15	28703306  	37656479  	8953173   
Chr15	28850781  	42535408  	13684627  
Chr15	28850944  	42533427  	13682483  
Chr15	29230445  	36797553  	7567108   
Chr15	29243003  	36797446  	7554443   
Chr15	29297134  	36952664  	7655530   
Chr15	29297244  	36952525  	7655281   
Chr15	30013558  	30406074  	392516    
Chr15	30171707  	30893491  	721784    
Chr15	30390757  	37124360  	6733603   
Chr15	31097699  	37269010  	6171311   
Chr15	31397915  	48052107  	16654192  
Chr15	31402415  	32087062  	684647    
Chr15	31613873  	33856478  	2242605   
Chr15	31769944  	35100804  	3330860   
Chr15	32587728  	42352331  	9764603   
Chr15	38095014  	38496934  	401920    
Chr15	38095072  	38487252  	392180    
Chr15	38184460  	38214926  	30466     
Chr15	38842762  	39177649  	334887    
Chr15	38857824  	39171651  	313827    
Chr15	38896896  	39074865  	177969    
Chr15	38946588  	39009582  	62994     
Chr15	38954528  	39009048  	54520     
Chr15	38961602  	39021942  	60340     
Chr15	38967643  	39009039  	41396     
Chr15	38971108  	39009059  	37951     
Chr15	38975905  	39009011  	33106     
Chr15	39011196  	39076387  	65191     
Chr15	39011319  	39076502  	65183     
Chr15	39113324  	39242086  	128762    
Chr15	39113502  	39242745  	129243    
Chr15	39128286  	39243282  	114996    
Chr15	39128296  	39241690  	113394    
Chr15	39128315  	39242585  	114270    
Chr15	39128435  	39242984  	114549    
Chr15	39128475  	39242109  	113634    
Chr15	39129815  	39243115  	113300    
Chr15	39135828  	39366756  	230928    
Chr15	39145742  	39335784  	190042    
Chr15	39157008  	39373144  	216136    
Chr15	39161245  	39335918  	174673    
Chr15	39161831  	39335912  	174081    
Chr15	39164483  	39374918  	210435    
Chr15	39166662  	39365631  	198969    
Chr15	39166751  	39335922  	169171    
Chr15	39169495  	39334879  	165384    
Chr15	39171504  	39331461  	159957    
Chr15	39172740  	39335096  	162356    
Chr15	39172916  	39332364  	159448    
Chr15	39177666  	39332369  	154703    
Chr15	39640332  	47406626  	7766294   
Chr15	43211850  	43866551  	654701    
Chr15	43287317  	43800382  	513065    
Chr15	43288861  	43798752  	509891    
Chr15	43289515  	43865239  	575724    
Chr15	43380195  	43866697  	486502    
Chr15	43380695  	43746105  	365410    
Chr15	43541332  	43830860  	289528    
Chr15	45103843  	45587542  	483699    
Chr15	45103958  	45587508  	483550    
Chr15	45159135  	45587542  	428407    
Chr15	46658271  	46658896  	625       
Chr15	46658542  	46658771  	229       
Chr15	46765480  	46765641  	161       
Chr15	46886339  	47246032  	359693    
Chr15	47403221  	51733291  	4330070   
Chr15	47583639  	47619190  	35551     
Chr16	1304635   	1367684   	63049     
Chr16	1502645   	26911298  	25408653  
Chr16	3732993   	22600962  	18867969  
Chr16	3930274   	33502954  	29572680  
Chr16	6446478   	6446627   	149       
Chr16	6447232   	6447454   	222       
Chr16	10965440  	24580568  	13615128  
Chr16	11430249  	12337486  	907237    
Chr16	12484625  	13259742  	775117    
Chr16	12484734  	13259640  	774906    
Chr16	12535094  	12536500  	1406      
Chr16	12560319  	12779250  	218931    
Chr16	15264446  	16045404  	780958    
Chr16	17952818  	17974921  	22103     
Chr16	18663006  	35783157  	17120151  
Chr16	19108549  	19108731  	182       
Chr16	21374480  	33287774  	11913294  
Chr16	21374501  	33229753  	11855252  
Chr16	21417086  	21464281  	47195     
Chr16	21417068  	27558094  	6141026   
Chr16	21459611  	32911872  	11452261  
Chr16	21588085  	28829189  	7241104   
Chr16	25949941  	30370210  	4420269   
Chr16	26096538  	26101667  	5129      
Chr16	26097317  	26100751  	3434      
Chr16	26241856  	26277787  	35931     
Chr16	28016491  	33167756  	5151265   
Chr16	28023585  	36992900  	8969315   
Chr16	29725612  	32168697  	2443085   
Chr16	33435363  	33631228  	195865    
Chr16	33438097  	33629675  	191578    
Chr16	33443951  	33588043  	144092    
Chr16	33456585  	33785855  	329270    
Chr16	33467758  	33598663  	130905    
Chr16	33471170  	33773599  	302429    
Chr16	33478408  	33784392  	305984    
Chr16	33478386  	33568446  	90060     
Chr16	33478409  	33784423  	306014    
Chr16	33478563  	33568410  	89847     
Chr16	33493831  	33556982  	63151     
Chr16	33493831  	33593125  	99294     
Chr16	33494299  	33629377  	135078    
Chr16	33494455  	33592927  	98472     
Chr16	33495293  	33594226  	98933     
Chr16	34436536  	35373232  	936696    
Chr16	34749187  	35526792  	777605    
Chr16	34750458  	35555500  	805042    
Chr17	3145981   	22970932  	19824951  
Chr17	3436197   	34940290  	31504093  
Chr17	3762203   	19267076  	15504873  
Chr17	5033435   	5038520   	5085      
Chr17	5543716   	19105479  	13561763  
Chr17	6409619   	35672147  	29262528  
Chr17	6409671   	31264441  	24854770  
Chr17	6827380   	23581382  	16754002  
Chr17	8071061   	14634785  	6563724   
Chr17	8134368   	8134544   	176       
Chr17	8229994   	20679773  	12449779  
Chr17	13806997  	41580280  	27773283  
Chr17	13824868  	34414700  	20589832  
Chr17	15429232  	35672292  	20243060  
Chr17	15673273  	26320359  	10647086  
Chr17	17218837  	21737538  	4518701   
Chr17	20758768  	23895055  	3136287   
Chr17	20883539  	34350827  	13467288  
Chr17	21705935  	22358598  	652663    
Chr17	21772176  	21772356  	180       
Chr17	21776106  	22354414  	578308    
Chr17	21776321  	22354272  	577951    
Chr17	21777327  	22353702  	576375    
Chr17	21778316  	22352577  	574261    
Chr17	21778614  	22352445  	573831    
Chr17	23145918  	23146026  	108       
Chr17	23572094  	23591563  	19469     
Chr17	23586782  	23592512  	5730      
Chr17	23595857  	23596014  	157       
Chr17	23601092  	23601242  	150       
Chr17	26889848  	32138613  	5248765   
Chr17	27112570  	27218630  	106060    
Chr17	28755133  	28755684  	551       
Chr17	30675601  	30675966  	365       
Chr17	34938048  	34938155  	107       
Chr17	35672055  	35672168  	113       
Chr18	155260    	33818410  	33663150  
Chr18	1261341   	41982552  	40721211  
Chr18	1330140   	1966169   	636029    
Chr18	1983865   	43505054  	41521189  
Chr18	4325827   	45187232  	40861405  
Chr18	5430645   	5430870   	225       
Chr18	6400484   	53981876  	47581392  
Chr18	6529637   	8379165   	1849528   
Chr18	6529780   	8379142   	1849362   
Chr18	7470136   	38300026  	30829890  
Chr18	7524558   	33819838  	26295280  
Chr18	7973096   	8725404   	752308    
Chr18	7976066   	8634994   	658928    
Chr18	7999520   	8564345   	564825    
Chr18	8087239   	8706520   	619281    
Chr18	8228286   	8816711   	588425    
Chr18	8301804   	8606326   	304522    
Chr18	8514794   	44161403  	35646609  
Chr18	8582439   	15101788  	6519349   
Chr18	11149284  	20716059  	9566775   
Chr18	11520491  	43637656  	32117165  
Chr18	11938439  	43725893  	31787454  
Chr18	12263002  	33820713  	21557711  
Chr18	14773583  	33818787  	19045204  
Chr18	15326612  	16032587  	705975    
Chr18	15603613  	39099204  	23495591  
Chr18	15613700  	15615138  	1438      
Chr18	15613915  	15615039  	1124      
Chr18	16090458  	45423436  	29332978  
Chr18	16365767  	42364127  	25998360  
Chr18	17028706  	29128157  	12099451  
Chr18	17802906  	36076716  	18273810  
Chr18	18800246  	33723158  	14922912  
Chr18	18818465  	33722633  	14904168  
Chr18	18819260  	40066892  	21247632  
Chr18	18819401  	26803573  	7984172   
Chr18	18819536  	33723170  	14903634  
Chr18	18820025  	40067017  	21246992  
Chr18	19317918  	54153957  	34836039  
Chr18	20406206  	26860006  	6453800   
Chr18	22014293  	38992743  	16978450  
Chr18	24577850  	34339788  	9761938   
Chr18	24716850  	47278717  	22561867  
Chr18	24916342  	24920209  	3867      
Chr18	25244614  	52571615  	27327001  
Chr18	25680618  	35585763  	9905145   
Chr18	27251972  	33744457  	6492485   
Chr18	29039149  	29041065  	1916      
Chr18	29671604  	29970247  	298643    
Chr18	30767247  	41635497  	10868250  
Chr18	31017351  	33461282  	2443931   
Chr18	31264177  	41782124  	10517947  
Chr18	31791625  	40704647  	8913022   
Chr18	31791615  	40706732  	8915117   
Chr18	31791648  	40709109  	8917461   
Chr18	31791734  	40707951  	8916217   
Chr18	32148751  	32617020  	468269    
Chr18	32946757  	33329457  	382700    
Chr18	32973034  	33330149  	357115    
Chr18	32973208  	33330494  	357286    
Chr18	32973236  	33372923  	399687    
Chr18	33074626  	33334876  	260250    
Chr18	33461375  	33863108  	401733    
Chr18	33818032  	33818260  	228       
Chr18	33818119  	33818263  	144       
Chr18	33878424  	35996389  	2117965   
Chr18	35298872  	45187274  	9888402   
Chr18	36707179  	39389906  	2682727   
Chr18	38488335  	48206490  	9718155   
Chr18	38946476  	41348911  	2402435   
Chr18	45561715  	48595726  	3034011   
Chr18	47317110  	50746128  	3429018   
Chr18	48399601  	56199163  	7799562   
Chr18	51252156  	51271052  	18896     
Chr18	51252553  	51273557  	21004     
Chr18	54458848  	54459001  	153       
Chr18	54614758  	54614941  	183       
Chr18	55345686  	55440347  	94661     
Chr18	55345804  	55440095  	94291     
Chr18	55346233  	55426316  	80083     
Chr18	55346429  	55439452  	93023     
Chr18	55368732  	55467798  	99066     
Chr18	55369636  	55425782  	56146     
Chr18	55370969  	55439569  	68600     
Chr18	55370984  	55426074  	55090     
Chr18	55414181  	55426068  	11887     
Chr18	55414277  	55439428  	25151     
Chr18	56117904  	56248511  	130607    
Chr19	32042     	32708     	666       
Chr19	1435748   	48258866  	46823118  
Chr19	1671541   	33825768  	32154227  
Chr19	1861551   	30137218  	28275667  
Chr19	6895293   	29676062  	22780769  
Chr19	7095893   	7669585   	573692    
Chr19	8043023   	8296959   	253936    
Chr19	8719238   	41959868  	33240630  
Chr19	9101191   	30057888  	20956697  
Chr19	9149991   	9162650   	12659     
Chr19	9767968   	13969282  	4201314   
Chr19	10021333  	10477874  	456541    
Chr19	10176960  	10181372  	4412      
Chr19	10176974  	10181399  	4425      
Chr19	10638241  	17725109  	7086868   
Chr19	10733199  	15793795  	5060596   
Chr19	11062583  	11064239  	1656      
Chr19	11062809  	11063467  	658       
Chr19	11116787  	11691746  	574959    
Chr19	11367675  	11732559  	364884    
Chr19	11434757  	11735253  	300496    
Chr19	11540039  	11800523  	260484    
Chr19	11541356  	11839137  	297781    
Chr19	11541679  	11800355  	258676    
Chr19	11815478  	19232491  	7417013   
Chr19	12116822  	19056142  	6939320   
Chr19	13164805  	23605606  	10440801  
Chr19	13164814  	23613539  	10448725  
Chr19	13371927  	24571412  	11199485  
Chr19	15885454  	17356645  	1471191   
Chr19	15909687  	15911586  	1899      
Chr19	15918705  	20970582  	5051877   
Chr19	17002975  	18719555  	1716580   
Chr19	17009193  	20044091  	3034898   
Chr19	18242749  	22964855  	4722106   
Chr19	18952620  	21298802  	2346182   
Chr19	19200209  	21813364  	2613155   
Chr19	20022638  	20028431  	5793      
Chr19	20022775  	20028302  	5527      
Chr19	20078608  	20086947  	8339      
Chr19	20078748  	21162165  	1083417   
Chr19	20534439  	24508671  	3974232   
Chr19	21654794  	22197636  	542842    
Chr19	22397968  	22718475  	320507    
Chr19	22540158  	25130466  	2590308   
Chr19	22872821  	22874946  	2125      
Chr19	22872841  	22874982  	2141      
Chr19	23220120  	24268287  	1048167   
Chr19	23361842  	31516295  	8154453   
Chr19	26262504  	26265275  	2771      
Chr19	26262887  	26270348  	7461      
Chr19	27529147  	39858688  	12329541  
Chr19	27878935  	32255987  	4377052   
Chr19	29198202  	30146186  	947984    
Chr19	29777837  	33558577  	3780740   
Chr19	30579356  	39538667  	8959311   
Chr19	34517845  	35057800  	539955    
Chr19	35268306  	35272906  	4600      
Chr19	36329242  	36329663  	421       
Chr19	36646162  	36647612  	1450      
Chr19	39254340  	39254493  	153       
Chr19	39709741  	39833763  	124022    
Chr19	41690060  	46021373  	4331313   
Chr19	43985985  	49853707  	5867722   
Chr19	45636119  	48035281  	2399162   
Chr19	47864470  	47913806  	49336     
Chr19	47928321  	50283755  	2355434   
Chr20	987889    	989296    	1407      
Chr20	988093    	989087    	994       
Chr20	1597817   	8415260   	6817443   
Chr20	1634606   	3816576   	2181970   
Chr20	2579337   	8825207   	6245870   
Chr20	5221570   	6516329   	1294759   
Chr20	5224778   	6511691   	1286913   
Chr20	5671957   	28795203  	23123246  
Chr20	5710223   	13624041  	7913818   
Chr20	6338124   	11257253  	4919129   
Chr20	6693105   	38712684  	32019579  
Chr20	8415269   	8415383   	114       
Chr20	8415583   	8415767   	184       
Chr20	9094234   	10042831  	948597    
Chr20	11257362  	24634948  	13377586  
Chr20	11417695  	11418339  	644       
Chr20	11417840  	11418142  	302       
Chr20	11660788  	15913900  	4253112   
Chr20	13177827  	30999942  	17822115  
Chr20	14371360  	16401866  	2030506   
Chr20	14714344  	16232076  	1517732   
Chr20	14918587  	18760616  	3842029   
Chr20	15001227  	27096075  	12094848  
Chr20	16518754  	16525094  	6340      
Chr20	17055704  	30847362  	13791658  
Chr20	17055908  	30847466  	13791558  
Chr20	18547962  	27099303  	8551341   
Chr20	18948677  	27553460  	8604783   
Chr20	19938302  	20264279  	325977    
Chr20	19940168  	28413892  	8473724   
Chr20	20339773  	26158189  	5818416   
Chr20	21077743  	35803074  	14725331  
Chr20	21117414  	32029619  	10912205  
Chr20	22861445  	45904966  	23043521  
Chr20	24494398  	30847316  	6352918   
Chr20	25954806  	26591988  	637182    
Chr20	28387580  	31105220  	2717640   
Chr20	28470519  	28471916  	1397      
Chr20	30474989  	35090393  	4615404   
Chr20	33539742  	33539920  	178       
Chr20	34813982  	34981605  	167623    
Chr20	35520680  	35975840  	455160    
Chr20	36516677  	36516911  	234       
Chr20	38676215  	38689401  	13186     
Chr20	41157329  	43614589  	2457260   
Chr20	47137585  	47137711  	126       
scaffold_21	613500    	614734    	1234      
scaffold_21	613630    	614625    	995       
scaffold_27	205954    	215796    	9842      
scaffold_35	89296     	194106    	104810    
scaffold_35	122316    	143019    	20703     
scaffold_35	243733    	367471    	123738    
scaffold_43	793       	243012    	242219    
scaffold_43	36365     	245375    	209010    
scaffold_43	78177     	242131    	163954    
scaffold_44	103207    	103319    	112       
scaffold_48	6153      	335462    	329309    
scaffold_48	6644      	336241    	329597    
scaffold_48	30847     	300899    	270052    
scaffold_50	89248     	152591    	63343     
scaffold_54	85042     	191131    	106089    
scaffold_55	19849     	136638    	116789    
scaffold_55	20460     	134887    	114427    
scaffold_55	23393     	132808    	109415    
scaffold_60	6803      	161632    	154829    
scaffold_2080	144       	256       	112       
scaffold_2080	142       	254       	112       
