Length
98
105
107
108
109
111
112
112
112
112
113
114
117
119
119
123
123
123
126
127
128
129
131
135
135
142
142
142
144
147
147
149
149
149
150
150
153
153
153
153
157
159
161
162
163
165
166
166
167
168
170
171
173
173
176
176
178
180
182
182
183
184
184
193
194
198
206
209
209
210
210
212
212
215
216
222
222
225
226
228
229
229
234
236
237
237
238
239
260
263
265
266
267
270
271
293
294
302
302
314
327
354
365
403
421
492
505
510
551
625
644
658
666
689
728
792
823
848
869
928
967
994
995
1064
1124
1234
1263
1397
1406
1407
1438
1442
1450
1471
1569
1656
1664
1819
1868
1899
1916
1936
1941
2097
2107
2125
2141
2282
2305
2314
2576
2685
2771
2793
3153
3378
3396
3433
3434
3586
3867
4038
4324
4412
4425
4503
4600
4965
5085
5110
5129
5288
5527
5730
5793
5864
6340
7414
7461
7749
7785
8339
8561
8742
8804
9065
9421
9842
10106
10224
10353
10440
10586
10761
10843
10890
11887
12659
13111
13186
18896
19449
19469
20021
20289
20465
20703
20776
20808
21004
21579
22028
22103
22195
22596
22748
22886
23054
23827
24737
25151
25695
26038
26690
28984
30466
30599
30885
31534
31828
33106
35551
35931
36352
36428
36830
37219
37951
39255
40669
40679
41396
42372
43511
47195
49045
49336
51845
54520
55090
56146
56918
60340
62994
63049
63151
63343
63865
65183
65191
65405
65960
67174
67548
68600
68877
69759
70289
74598
76940
80083
80719
86986
89847
90060
91648
93023
94291
94661
98472
98933
99066
99294
104786
104810
105677
106060
106089
109415
113300
113364
113394
113634
114270
114427
114549
114996
115970
116789
118309
120026
121116
123738
124022
125429
126745
128762
129243
130607
130905
135078
136193
144092
148071
149175
149403
154703
154829
159448
159957
162356
163204
163954
164904
165384
165396
167623
169171
170485
173946
174081
174673
175976
177741
177969
185562
188285
190042
190580
191578
194876
195865
198969
208650
209010
210435
213177
213751
214692
216136
216797
218931
221727
224456
230928
241381
242219
243242
245241
248394
253936
254247
258676
260250
260484
263886
267014
268369
270052
272287
272373
278744
289528
290828
293971
295561
297115
297781
298643
300496
302429
304522
305984
306014
308171
312531
313827
320507
325977
329270
329309
329597
334887
344729
357115
357286
359693
360460
364884
365410
368893
370630
372216
382700
382902
388252
392180
392516
397943
399687
401733
401920
407280
426418
428071
428407
432604
434846
455160
456541
468269
477462
483550
483699
486502
509891
513065
520583
538081
539955
542842
564825
565522
573692
573831
574261
574959
575724
576375
577452
577951
578308
579747
581996
588425
592314
593974
594238
600332
619281
632203
632449
636029
637182
642593
652663
654170
654701
658370
658928
659489
662397
669294
670744
670877
675526
681676
683663
684647
684863
686397
687795
689388
694035
694362
698197
699944
700066
703771
705975
707572
708960
712683
715821
717553
721784
752308
753998
774906
775117
777605
780958
784547
788397
790211
801478
805042
889341
907237
920920
922139
929158
936696
947984
948597
1048167
1065057
1079086
1081838
1083417
1091679
1124848
1152463
1171295
1238497
1267296
1286913
1294759
1300121
1308361
1334006
1375846
1449601
1471191
1498462
1517732
1523609
1525782
1562655
1653967
1673455
1716580
1729193
1747374
1794726
1797746
1837114
1849362
1849528
1884828
1903705
1912724
1913019
1917620
1940401
1951625
2013155
2030506
2049592
2117965
2132007
2132063
2181970
2196725
2242605
2244652
2256091
2257183
2327006
2346182
2355434
2374907
2374954
2397194
2399162
2402435
2408457
2413658
2427029
2429673
2443085
2443931
2457260
2487856
2496490
2500067
2508579
2511536
2547224
2590308
2605295
2607597
2613155
2680510
2680827
2682727
2717640
2804491
2818575
2844124
2855054
2868175
2895131
2941555
2946662
2965133
2995060
3034011
3034233
3034898
3094812
3098615
3136287
3152801
3162567
3172567
3184385
3194934
3200674
3263688
3330860
3346635
3370638
3388956
3429018
3436009
3464525
3482997
3492692
3517284
3527820
3600877
3606832
3607706
3627851
3635729
3675718
3704582
3760722
3771877
3780740
3835155
3842029
3905565
3919882
3968024
3974232
4085378
4149677
4201314
4216919
4222216
4235028
4248907
4253112
4263523
4270878
4275721
4302002
4325023
4325090
4330070
4331313
4369490
4377052
4403993
4420269
4448553
4452015
4453143
4483497
4497807
4508905
4518701
4561588
4561777
4615404
4632262
4716190
4722106
4759017
4866078
4919129
4988608
4990044
5038807
5051877
5060596
5074189
5098616
5119575
5126773
5151265
5191312
5203615
5216051
5220749
5233441
5248765
5273591
5362397
5371544
5371548
5383430
5402004
5412289
5416581
5516574
5517378
5534346
5536407
5536418
5537685
5539273
5539792
5573171
5586233
5590567
5590981
5707120
5720889
5737034
5818416
5827891
5846372
5867722
5888151
6095389
6141026
6171311
6222496
6244587
6245870
6294302
6352918
6353956
6370134
6373035
6385643
6453800
6458767
6492485
6519349
6563724
6573604
6573996
6696956
6723373
6733603
6758973
6817443
6860401
6939320
6975098
6995046
7002159
7086868
7160947
7175079
7241104
7270053
7416223
7417013
7518137
7554443
7567108
7650654
7655281
7655530
7666961
7669911
7766294
7774515
7799562
7863668
7883297
7913818
7954489
7984172
8040065
8046715
8145425
8154453
8242385
8252972
8347872
8442150
8446062
8473724
8551341
8552878
8553008
8604783
8607733
8618448
8665243
8687658
8809200
8814220
8816875
8845338
8883116
8887089
8913022
8914693
8915117
8916217
8917461
8919127
8953173
8953583
8959311
8969315
9000706
9000834
9012325
9106204
9106932
9218197
9218845
9334327
9368477
9399581
9427609
9475436
9500942
9517873
9543430
9566775
9592054
9593171
9594431
9595658
9701614
9718155
9722253
9742151
9761938
9764603
9808558
9874999
9875440
9875600
9888402
9903530
9905145
9952218
10006139
10164960
10170544
10218348
10317574
10388363
10440801
10448725
10476338
10517947
10528418
10626256
10647086
10706727
10868250
10883424
10912205
10995272
11088915
11199485
11203967
11268854
11346849
11410296
11452261
11462524
11491391
11518869
11544988
11565906
11665494
11772375
11824206
11855252
11913294
12010147
12021339
12043034
12094848
12099451
12113224
12252624
12329541
12394071
12394409
12449779
12477642
12485253
12543337
12645010
12706489
12760045
13118184
13118226
13143695
13221185
13253896
13319484
13377586
13467288
13516123
13516129
13561763
13615128
13682483
13684627
13791558
13791658
13829397
13963698
14023386
14109940
14316038
14356447
14356629
14381108
14416791
14417077
14452873
14506299
14651386
14687088
14702814
14725331
14778552
14903634
14904168
14922912
14930907
14972051
15040049
15073633
15162485
15231924
15243204
15470179
15487628
15501459
15504873
15935912
15994409
16026048
16081074
16339523
16362281
16523765
16654192
16660939
16754002
16822916
16827928
16928958
16978450
16983007
16986175
16998053
17018021
17028689
17059322
17120151
17301560
17515103
17564389
17636120
17638648
17810838
17811243
17822115
17859594
17864074
17997502
18197828
18261517
18273810
18457476
18594634
18626228
18853411
18867969
18934220
19045204
19053538
19053794
19073187
19092447
19281663
19554507
19717416
19726613
19824951
19893075
19916879
20017451
20018676
20035648
20116017
20136553
20214366
20243060
20546156
20557247
20589832
20763567
20909005
20956697
21082111
21107904
21134165
21220921
21242862
21246992
21247632
21380347
21557711
21834013
21834298
21851676
21864029
21991809
22076014
22280433
22294863
22388276
22561867
22698157
22780769
22829273
22999908
23043521
23123246
23125333
23226339
23296641
23495591
23567086
23572907
23659091
23808921
23809177
24019961
24020201
24115125
24267981
24268006
24339392
24414054
24624953
24854770
24928714
25031300
25408653
25751805
25998360
26295280
26802710
26975279
27221853
27327001
27346986
27555353
27648269
27681211
27773283
27911848
27935515
27992433
28275667
28494536
28878293
28948536
28978441
28978672
28982108
29038735
29262528
29280235
29332978
29572174
29572680
29621330
29757141
29818805
29932434
29962482
29962767
30245671
30333335
30583808
30597353
30598942
30829890
30914520
31048501
31130575
31149365
31488916
31504093
31715215
31787454
32019579
32117165
32154227
32680988
32695531
32817502
32951596
33240630
33663150
34018249
34483654
34664654
34836039
35052448
35541757
35646609
36032685
36762450
36852211
37082788
37917607
38075380
38075643
38232608
38274139
38942574
39027527
39149511
39328618
39452613
39573408
40122596
40685054
40721211
40861405
41521189
42810922
43343507
43643038
45889647
46665058
46823118
47428008
47581392
