CHR	start     	end       	length    	
Chr01	2215073   	2215074   	100       
Chr01	2336543   	2336544   	105       
Chr01	2577670   	2577800   	130       
Chr01	3650517   	3650518   	146       
Chr01	6738585   	6738681   	96        
Chr01	6798484   	6798634   	150       
Chr01	6805898   	6806037   	139       
Chr01	7615338   	7615339   	95        
Chr01	7647556   	7647707   	151       
Chr01	10035938  	10036038  	100       
Chr01	11737696  	11737800  	104       
Chr01	12023877  	12023980  	103       
Chr01	12082204  	12082205  	130       
Chr01	12086056  	12086192  	136       
Chr01	12357173  	12357289  	116       
Chr01	12572099  	12572100  	160       
Chr01	16785203  	16785204  	145       
Chr01	16876014  	16876161  	147       
Chr01	16990462  	16990463  	168       
Chr01	17004531  	17004643  	112       
Chr01	17123094  	17123232  	138       
Chr01	17475562  	17475711  	149       
Chr01	17488350  	17488351  	150       
Chr01	17759768  	17759885  	117       
Chr01	19956767  	19956872  	105       
Chr01	20890952  	20890953  	181       
Chr01	21766662  	21766833  	171       
Chr01	22906026  	22906135  	109       
Chr01	23628171  	23628172  	140       
Chr01	27158306  	27158407  	101       
Chr01	27260523  	27260524  	159       
Chr01	27298891  	27298892  	120       
Chr01	33854817  	33854921  	104       
Chr01	33987449  	33987450  	94        
Chr01	35288629  	35288835  	206       
Chr01	35366104  	35366234  	130       
Chr01	36215071  	36215072  	121       
Chr01	36999713  	36999714  	97        
Chr01	37411049  	37411149  	100       
Chr01	37446364  	37446445  	81        
Chr01	39037362  	39037363  	160       
Chr01	39101015  	39101161  	146       
Chr01	39403521  	39403522  	104       
Chr01	39430162  	39430262  	100       
Chr01	39679842  	39679941  	99        
Chr01	39713157  	39713158  	136       
Chr01	39845874  	39845875  	116       
Chr01	40168003  	40168109  	106       
Chr01	40222902  	40223056  	154       
Chr01	40258377  	40258510  	133       
Chr01	40302404  	40302510  	106       
Chr01	42762177  	42762178  	156       
Chr01	42906968  	42906969  	119       
Chr01	42923098  	42923191  	93        
Chr01	43902720  	43902837  	117       
Chr01	47922913  	47923025  	112       
Chr01	48243637  	48243737  	100       
Chr01	48264412  	48264413  	100       
Chr01	48484096  	48484097  	99        
Chr01	48828197  	48828309  	112       
Chr01	49479298  	49479299  	135       
Chr01	49953037  	49953038  	141       
Chr01	50672232  	50672348  	116       
Chr01	50763013  	50763014  	86        
Chr01	50805852  	50805952  	100       
Chr01	51624131  	51624301  	170       
Chr01	52629145  	52629146  	134       
Chr01	52741396  	52741397  	119       
Chr01	52779688  	52779788  	100       
Chr01	54120944  	54121085  	141       
Chr01	54794404  	54794405  	100       
Chr01	55162748  	55162894  	146       
Chr01	55242799  	55242800  	84        
Chr01	55292244  	55292245  	95        
Chr01	55335322  	55335397  	75        
Chr01	56223916  	56223917  	125       
Chr01	56537912  	56538007  	95        
Chr01	56602256  	56602314  	58        
Chr01	56780575  	56780576  	135       
Chr01	56805290  	56805413  	123       
Chr02	353085    	353206    	121       
Chr02	687302    	687303    	100       
Chr02	984356    	984357    	70        
Chr02	2684738   	2684834   	96        
Chr02	3197624   	3197761   	137       
Chr02	3519046   	3519047   	116       
Chr02	3590087   	3590247   	160       
Chr02	3618125   	3618219   	94        
Chr02	3618611   	3618612   	100       
Chr02	3627194   	3627299   	105       
Chr02	3923977   	3924164   	187       
Chr02	4185513   	4185514   	108       
Chr02	4451919   	4452009   	90        
Chr02	4611094   	4611095   	99        
Chr02	4944335   	4944478   	143       
Chr02	5297526   	5297662   	136       
Chr02	5516618   	5516619   	144       
Chr02	5896733   	5896863   	130       
Chr02	6011994   	6012091   	97        
Chr02	6993631   	6993696   	65        
Chr02	7165550   	7165551   	112       
Chr02	7287297   	7287383   	86        
Chr02	7420589   	7420590   	100       
Chr02	8026981   	8026982   	124       
Chr02	8392443   	8392541   	98        
Chr02	9489685   	9489686   	99        
Chr02	10592810  	10592811  	85        
Chr02	10721014  	10721158  	144       
Chr02	11724475  	11724476  	149       
Chr02	11899355  	11899455  	100       
Chr02	12287904  	12287994  	90        
Chr02	13974593  	13974708  	115       
Chr02	14256015  	14256016  	95        
Chr02	14554844  	14555010  	166       
Chr02	14675733  	14675833  	100       
Chr02	15569791  	15569792  	164       
Chr02	15590949  	15591090  	141       
Chr02	19104791  	19104792  	106       
Chr02	20681530  	20681670  	140       
Chr02	26025256  	26025354  	98        
Chr02	27658727  	27658868  	141       
Chr02	29594865  	29594866  	114       
Chr02	31065632  	31065732  	100       
Chr02	36452239  	36452240  	142       
Chr02	39435764  	39435820  	56        
Chr02	39634301  	39634418  	117       
Chr02	40718761  	40718762  	86        
Chr02	41363727  	41363728  	100       
Chr02	41382670  	41382720  	50        
Chr02	41457229  	41457329  	100       
Chr02	42488034  	42488035  	97        
Chr02	42667085  	42667194  	109       
Chr02	42737152  	42737265  	113       
Chr02	43108219  	43108220  	87        
Chr02	43166500  	43166585  	85        
Chr02	45662926  	45662927  	140       
Chr02	46030483  	46030484  	106       
Chr02	47055257  	47055368  	111       
Chr02	47107365  	47107366  	100       
Chr02	47144190  	47144286  	96        
Chr02	47198894  	47199000  	106       
Chr02	47235673  	47235674  	102       
Chr02	47720208  	47720350  	142       
Chr02	47856731  	47856843  	112       
Chr02	47862343  	47862471  	128       
Chr03	246209    	246210    	114       
Chr03	335554    	335654    	100       
Chr03	382955    	382956    	100       
Chr03	410430    	410431    	102       
Chr03	714624    	714722    	98        
Chr03	1437790   	1437791   	63        
Chr03	1887135   	1887136   	116       
Chr03	2205273   	2205417   	144       
Chr03	2310750   	2310900   	150       
Chr03	2312291   	2312382   	91        
Chr03	2322809   	2322904   	95        
Chr03	2494651   	2494652   	156       
Chr03	2932504   	2932505   	140       
Chr03	2949975   	2950093   	118       
Chr03	3395643   	3395741   	98        
Chr03	4700983   	4701139   	156       
Chr03	5099327   	5099474   	147       
Chr03	5229091   	5229092   	95        
Chr03	5307508   	5307509   	80        
Chr03	5537711   	5537852   	141       
Chr03	5697731   	5697732   	119       
Chr03	6366548   	6366549   	188       
Chr03	6679048   	6679193   	145       
Chr03	7798566   	7798567   	104       
Chr03	7994462   	7994532   	70        
Chr03	8424159   	8424266   	107       
Chr03	9409645   	9409646   	78        
Chr03	9808630   	9808631   	149       
Chr03	10275738  	10275860  	122       
Chr03	10559446  	10559543  	97        
Chr03	11701113  	11701215  	102       
Chr03	11923262  	11923405  	143       
Chr03	13578259  	13578260  	111       
Chr03	14767292  	14767293  	115       
Chr03	15211235  	15211383  	148       
Chr03	16847343  	16847344  	148       
Chr03	29122439  	29122621  	182       
Chr03	29434870  	29434978  	108       
Chr03	32689483  	32689484  	147       
Chr03	32902027  	32902096  	69        
Chr03	32957510  	32957609  	99        
Chr03	33119036  	33119211  	175       
Chr03	34016436  	34016437  	116       
Chr03	34294936  	34295049  	113       
Chr03	34371119  	34371255  	136       
Chr03	34378177  	34378178  	118       
Chr03	34633989  	34634102  	113       
Chr03	34644429  	34644430  	100       
Chr03	34664605  	34664606  	116       
Chr03	35042151  	35042250  	99        
Chr03	35083789  	35083937  	148       
Chr03	35161224  	35161225  	236       
Chr03	35308540  	35308658  	118       
Chr03	35974883  	35974884  	140       
Chr03	36025180  	36025306  	126       
Chr03	36084041  	36084151  	110       
Chr03	37499154  	37499155  	139       
Chr03	38004767  	38004867  	100       
Chr03	38139690  	38139790  	100       
Chr03	38275100  	38275225  	125       
Chr03	38557966  	38557967  	100       
Chr03	38938241  	38938341  	100       
Chr03	39009181  	39009182  	89        
Chr03	39011800  	39011950  	150       
Chr03	39056050  	39056156  	106       
Chr03	39056939  	39056940  	123       
Chr03	39094754  	39094755  	98        
Chr03	39097147  	39097255  	108       
Chr03	39100043  	39100044  	67        
Chr03	39153996  	39154137  	141       
Chr03	39160187  	39160301  	114       
Chr03	39248199  	39248376  	177       
Chr03	40233198  	40233199  	110       
Chr03	41104888  	41105052  	164       
Chr03	41489950  	41490064  	114       
Chr03	41524180  	41524181  	108       
Chr03	41558909  	41559011  	102       
Chr03	42437004  	42437005  	131       
Chr03	42452322  	42452449  	127       
Chr03	42922552  	42922683  	131       
Chr03	43196701  	43196702  	103       
Chr03	44159192  	44159193  	162       
Chr03	44448337  	44448423  	86        
Chr03	44642273  	44642274  	99        
Chr03	44688463  	44688562  	99        
Chr03	44725384  	44725533  	149       
Chr03	44952299  	44952300  	105       
Chr03	45367444  	45367445  	152       
Chr04	418202    	418323    	121       
Chr04	1087997   	1088097   	100       
Chr04	2401406   	2401407   	99        
Chr04	2780374   	2780474   	100       
Chr04	3189978   	3190074   	96        
Chr04	3473105   	3473106   	129       
Chr04	3516975   	3517093   	118       
Chr04	3595680   	3595681   	161       
Chr04	3746717   	3746886   	169       
Chr04	4946311   	4946400   	89        
Chr04	7029126   	7029127   	141       
Chr04	7100619   	7100719   	100       
Chr04	7354418   	7354520   	102       
Chr04	8166213   	8166214   	119       
Chr04	8741716   	8741717   	144       
Chr04	8846700   	8846792   	92        
Chr04	9622277   	9622415   	138       
Chr04	9718569   	9718570   	117       
Chr04	10670213  	10670312  	99        
Chr04	10697074  	10697189  	115       
Chr04	11177901  	11177902  	86        
Chr04	12190656  	12190760  	104       
Chr04	12204680  	12204681  	118       
Chr04	12261674  	12261675  	106       
Chr04	12389542  	12389621  	79        
Chr04	12701571  	12701713  	142       
Chr04	12794859  	12795007  	148       
Chr04	13500404  	13500502  	98        
Chr04	15195389  	15195390  	125       
Chr04	41999713  	41999714  	106       
Chr04	42001626  	42001768  	142       
Chr04	42024232  	42024360  	128       
Chr04	42150885  	42151054  	169       
Chr04	45952313  	45952456  	143       
Chr04	46088135  	46088136  	140       
Chr04	46141291  	46141292  	110       
Chr04	46146705  	46146791  	86        
Chr04	46151027  	46151028  	96        
Chr04	46235963  	46235964  	106       
Chr04	47015937  	47016037  	100       
Chr04	47361979  	47361980  	115       
Chr04	47864865  	47864958  	93        
Chr04	48239255  	48239407  	152       
Chr04	48254648  	48254649  	125       
Chr04	48269176  	48269177  	97        
Chr04	48347086  	48347188  	102       
Chr04	49184385  	49184520  	135       
Chr04	49467607  	49467608  	104       
Chr04	49646969  	49647079  	110       
Chr04	49876216  	49876217  	144       
Chr04	50671171  	50671172  	128       
Chr04	51592379  	51592453  	74        
Chr05	114257    	114378    	121       
Chr05	399018    	399074    	56        
Chr05	555019    	555118    	99        
Chr05	562356    	562357    	135       
Chr05	5181085   	5181189   	104       
Chr05	5323969   	5324125   	156       
Chr05	22224964  	22224965  	151       
Chr05	27288193  	27288194  	77        
Chr05	27978936  	27979036  	100       
Chr05	28212409  	28212502  	93        
Chr05	29033986  	29033987  	87        
Chr05	29711174  	29711330  	156       
Chr05	30491313  	30491314  	147       
Chr05	31151836  	31151837  	100       
Chr05	31230927  	31231030  	103       
Chr05	32047843  	32047943  	100       
Chr05	32594503  	32594504  	147       
Chr05	33191325  	33191420  	95        
Chr05	33951441  	33951442  	152       
Chr05	34014843  	34014941  	98        
Chr05	34450362  	34450461  	99        
Chr05	34655123  	34655124  	101       
Chr05	34748470  	34748561  	91        
Chr05	35111609  	35111704  	95        
Chr05	35128001  	35128091  	90        
Chr05	36990280  	36990281  	77        
Chr05	37115303  	37115436  	133       
Chr05	37799175  	37799176  	113       
Chr05	37889118  	37889119  	100       
Chr05	38041340  	38041440  	100       
Chr05	38688816  	38688817  	99        
Chr05	38721804  	38721805  	151       
Chr05	38908190  	38908290  	100       
Chr05	40325580  	40325695  	115       
Chr05	40597962  	40598097  	135       
Chr05	41255949  	41256043  	94        
Chr06	479688    	479841    	153       
Chr06	717117    	717118    	99        
Chr06	912777    	912877    	100       
Chr06	1051323   	1051451   	128       
Chr06	1117832   	1117833   	103       
Chr06	1244800   	1244954   	154       
Chr06	1350732   	1350733   	61        
Chr06	1448911   	1449063   	152       
Chr06	1515405   	1515566   	161       
Chr06	1831002   	1831003   	108       
Chr06	2984514   	2984515   	100       
Chr06	3023353   	3023492   	139       
Chr06	3663864   	3663865   	128       
Chr06	4426446   	4426546   	100       
Chr06	5509554   	5509668   	114       
Chr06	5951164   	5951165   	86        
Chr06	8079486   	8079487   	144       
Chr06	8535862   	8535994   	132       
Chr06	8929969   	8930075   	106       
Chr06	9130703   	9130801   	98        
Chr06	9219221   	9219337   	116       
Chr06	10705732  	10705799  	67        
Chr06	11982791  	11982792  	49        
Chr06	12029507  	12029619  	112       
Chr06	12727901  	12727902  	91        
Chr06	12757834  	12757835  	99        
Chr06	12929274  	12929374  	100       
Chr06	13667567  	13667568  	104       
Chr06	13669656  	13669770  	114       
Chr06	14001452  	14001553  	101       
Chr06	14077254  	14077351  	97        
Chr06	14231274  	14231275  	63        
Chr06	14414172  	14414287  	115       
Chr06	14427407  	14427526  	119       
Chr06	14505124  	14505125  	131       
Chr06	14731456  	14731603  	147       
Chr06	15067629  	15067630  	103       
Chr06	15167104  	15167105  	140       
Chr06	16446063  	16446153  	90        
Chr06	16846519  	16846520  	90        
Chr06	17432934  	17432935  	91        
Chr06	17513335  	17513491  	156       
Chr06	17920488  	17920662  	174       
Chr06	17939574  	17939674  	100       
Chr06	18426072  	18426233  	161       
Chr06	18734349  	18734350  	56        
Chr06	18783333  	18783334  	146       
Chr06	19122358  	19122446  	88        
Chr06	19658300  	19658400  	100       
Chr06	19759073  	19759219  	146       
Chr06	20231296  	20231407  	111       
Chr06	21032901  	21032902  	94        
Chr06	21102514  	21102612  	98        
Chr06	21255120  	21255232  	112       
Chr06	21263096  	21263097  	162       
Chr06	22007097  	22007098  	139       
Chr06	22605949  	22606095  	146       
Chr06	23030326  	23030327  	104       
Chr06	25607218  	25607349  	131       
Chr06	26264837  	26264969  	132       
Chr06	26560839  	26560840  	170       
Chr06	27707941  	27707942  	100       
Chr06	28004527  	28004661  	134       
Chr06	28554927  	28555088  	161       
Chr06	28821338  	28821339  	99        
Chr06	28877390  	28877520  	130       
Chr06	28882002  	28882003  	153       
Chr06	39195315  	39195316  	76        
Chr06	39233184  	39233284  	100       
Chr06	39322978  	39322979  	100       
Chr06	39784682  	39784841  	159       
Chr06	39871478  	39871581  	103       
Chr06	39946845  	39946846  	100       
Chr06	40107344  	40107461  	117       
Chr06	40339032  	40339153  	121       
Chr06	40404148  	40404149  	102       
Chr06	40414097  	40414098  	100       
Chr06	40464603  	40464712  	109       
Chr06	40971445  	40971589  	144       
Chr06	41610804  	41610805  	105       
Chr06	41632193  	41632295  	102       
Chr06	41982539  	41982540  	133       
Chr06	44011167  	44011168  	92        
Chr06	45500725  	45500868  	143       
Chr06	45947752  	45947890  	138       
Chr06	46275651  	46275849  	198       
Chr06	46766571  	46766709  	138       
Chr06	46861731  	46861732  	83        
Chr06	47478670  	47478785  	115       
Chr06	47864747  	47864887  	140       
Chr06	48499825  	48499826  	96        
Chr06	48624534  	48624643  	109       
Chr06	48719640  	48719772  	132       
Chr06	48745371  	48745471  	100       
Chr06	49310999  	49311000  	160       
Chr06	49593016  	49593116  	100       
Chr06	49628053  	49628156  	103       
Chr06	49647480  	49647481  	127       
Chr06	49957099  	49957210  	111       
Chr06	50032416  	50032417  	110       
Chr06	50102634  	50102635  	123       
Chr06	50171273  	50171430  	157       
Chr06	50564050  	50564051  	99        
Chr06	51000095  	51000205  	110       
Chr06	51026972  	51027125  	153       
Chr06	51027556  	51027670  	114       
Chr06	51028618  	51028619  	185       
Chr06	51218089  	51218159  	70        
Chr06	51235957  	51236094  	137       
Chr07	124893    	124894    	106       
Chr07	212055    	212230    	175       
Chr07	305587    	305588    	155       
Chr07	810110    	810212    	102       
Chr07	937703    	937838    	135       
Chr07	1092305   	1092306   	88        
Chr07	2639765   	2639766   	66        
Chr07	3313193   	3313333   	140       
Chr07	3904849   	3904850   	99        
Chr07	4999858   	4999973   	115       
Chr07	5252579   	5252704   	125       
Chr07	6007547   	6007548   	106       
Chr07	6350389   	6350390   	100       
Chr07	6352482   	6352629   	147       
Chr07	6441412   	6441504   	92        
Chr07	7060830   	7060831   	114       
Chr07	7084649   	7084749   	100       
Chr07	8319952   	8320046   	94        
Chr07	9118909   	9118910   	82        
Chr07	9500545   	9500654   	109       
Chr07	10872821  	10872957  	136       
Chr07	10904429  	10904430  	73        
Chr07	13605547  	13605689  	142       
Chr07	14984007  	14984008  	159       
Chr07	15037400  	15037513  	113       
Chr07	15201070  	15201184  	114       
Chr07	15374574  	15374575  	110       
Chr07	15743238  	15743239  	107       
Chr07	16117239  	16117376  	137       
Chr07	16551816  	16551890  	74        
Chr07	16883988  	16883989  	150       
Chr07	17698634  	17698768  	134       
Chr07	17699378  	17699379  	94        
Chr07	17752605  	17752606  	141       
Chr07	17798437  	17798537  	100       
Chr07	19226272  	19226273  	102       
Chr07	19260191  	19260192  	137       
Chr07	20279586  	20279686  	100       
Chr07	20479794  	20479935  	141       
Chr07	23705003  	23705125  	122       
Chr07	24953428  	24953567  	139       
Chr07	25233890  	25233891  	124       
Chr07	25642478  	25642578  	100       
Chr07	26443178  	26443298  	120       
Chr07	27082996  	27083112  	116       
Chr07	27808621  	27808715  	94        
Chr07	35992956  	35993072  	116       
Chr07	36522829  	36522830  	100       
Chr07	36571354  	36571355  	100       
Chr07	36718997  	36719155  	158       
Chr07	37091214  	37091215  	93        
Chr07	37176401  	37176402  	215       
Chr07	37304647  	37304747  	100       
Chr07	37331117  	37331227  	110       
Chr07	37493800  	37493900  	100       
Chr07	37619942  	37620042  	100       
Chr07	38143751  	38143752  	134       
Chr07	38323023  	38323024  	44        
Chr07	40302086  	40302158  	72        
Chr07	40356664  	40356789  	125       
Chr07	40473995  	40473996  	100       
Chr07	41832875  	41832968  	93        
Chr07	42357186  	42357187  	142       
Chr07	42593995  	42593996  	148       
Chr07	42687749  	42687881  	132       
Chr07	42876508  	42876509  	139       
Chr08	268456    	268601    	145       
Chr08	1925106   	1925251   	145       
Chr08	2330620   	2330621   	146       
Chr08	2566999   	2567116   	117       
Chr08	2597960   	2598080   	120       
Chr08	3134442   	3134443   	136       
Chr08	4316427   	4316428   	105       
Chr08	4652187   	4652296   	109       
Chr08	4706453   	4706551   	98        
Chr08	7722986   	7723102   	116       
Chr08	7775514   	7775607   	93        
Chr08	8883070   	8883071   	97        
Chr08	9352491   	9352492   	135       
Chr08	9465815   	9465901   	86        
Chr08	10451883  	10451952  	69        
Chr08	10651337  	10651338  	105       
Chr08	10991911  	10992060  	149       
Chr08	11282356  	11282357  	101       
Chr08	12393904  	12394004  	100       
Chr08	12429047  	12429149  	102       
Chr08	14929216  	14929386  	170       
Chr08	15133622  	15133743  	121       
Chr08	16952882  	16952978  	96        
Chr08	16969466  	16969548  	82        
Chr08	19076116  	19076117  	147       
Chr08	19582495  	19582571  	76        
Chr08	19691631  	19691632  	109       
Chr08	19698574  	19698575  	163       
Chr08	19987780  	19987859  	79        
Chr08	21166273  	21166274  	162       
Chr08	22901266  	22901267  	64        
Chr08	22910957  	22911093  	136       
Chr08	27438010  	27438011  	95        
Chr08	43741865  	43741993  	128       
Chr08	44621621  	44621751  	130       
Chr08	44716126  	44716218  	92        
Chr08	44796348  	44796349  	92        
Chr08	46093792  	46093924  	132       
Chr08	46178481  	46178559  	78        
Chr08	46687883  	46687884  	100       
Chr08	47717957  	47718069  	112       
Chr09	613073    	613074    	100       
Chr09	1399543   	1399625   	82        
Chr09	1650337   	1650488   	151       
Chr09	1807854   	1807855   	126       
Chr09	1871973   	1871974   	117       
Chr09	2565720   	2565879   	159       
Chr09	3141946   	3141947   	131       
Chr09	4153829   	4153918   	89        
Chr09	4839802   	4839871   	69        
Chr09	4871992   	4871993   	124       
Chr09	5379861   	5379862   	102       
Chr09	5380323   	5380436   	113       
Chr09	5525435   	5525535   	100       
Chr09	6111448   	6111449   	130       
Chr09	6515096   	6515197   	101       
Chr09	7289682   	7289793   	111       
Chr09	7290484   	7290485   	97        
Chr09	10744844  	10745025  	181       
Chr09	18985958  	18985959  	95        
Chr09	21573438  	21573439  	92        
Chr09	21590705  	21590828  	123       
Chr09	28659026  	28659027  	149       
Chr09	30032267  	30032477  	210       
Chr09	30883406  	30883521  	115       
Chr09	31203823  	31203824  	103       
Chr09	31907230  	31907231  	95        
Chr09	32172160  	32172268  	108       
Chr09	36240902  	36241048  	146       
Chr09	36947388  	36947389  	100       
Chr09	37168085  	37168185  	100       
Chr09	37275822  	37275823  	100       
Chr09	37340734  	37340735  	171       
Chr09	37527309  	37527441  	132       
Chr09	37561908  	37561909  	89        
Chr09	37612760  	37612860  	100       
Chr09	38592427  	38592541  	114       
Chr09	38777933  	38778046  	113       
Chr09	39257437  	39257539  	102       
Chr09	39395776  	39395943  	167       
Chr09	39401248  	39401249  	93        
Chr09	40249162  	40249163  	91        
Chr09	40287122  	40287219  	97        
Chr09	41580319  	41580390  	71        
Chr09	41721996  	41722140  	144       
Chr09	42019701  	42019808  	107       
Chr09	42125281  	42125433  	152       
Chr09	42717361  	42717362  	111       
Chr09	42725900  	42725960  	60        
Chr09	43974989  	43974990  	87        
Chr09	44093707  	44093708  	110       
Chr09	44147345  	44147484  	139       
Chr09	45154113  	45154114  	124       
Chr09	45313986  	45314111  	125       
Chr09	45429317  	45429470  	153       
Chr09	47040157  	47040158  	127       
Chr09	47233332  	47233333  	104       
Chr09	47395212  	47395367  	155       
Chr09	47395363  	47395461  	98        
Chr09	47562434  	47562435  	149       
Chr09	48030487  	48030645  	158       
Chr09	48085320  	48085321  	105       
Chr09	48086007  	48086008  	88        
Chr09	48195988  	48196088  	100       
Chr09	48461299  	48461300  	146       
Chr09	48733917  	48734033  	116       
Chr09	49101124  	49101218  	94        
Chr09	49447571  	49447572  	104       
Chr09	49470410  	49470544  	134       
Chr09	49888425  	49888529  	104       
Chr10	1533190   	1533191   	141       
Chr10	1572509   	1572510   	100       
Chr10	2428026   	2428132   	106       
Chr10	3450852   	3450916   	64        
Chr10	3471749   	3471750   	97        
Chr10	3936370   	3936471   	101       
Chr10	4077100   	4077101   	142       
Chr10	4129593   	4129594   	130       
Chr10	4216878   	4217024   	146       
Chr10	4322344   	4322431   	87        
Chr10	5211045   	5211046   	99        
Chr10	5535636   	5535775   	139       
Chr10	5930439   	5930440   	115       
Chr10	9244430   	9244520   	90        
Chr10	9271938   	9272026   	88        
Chr10	9414148   	9414149   	109       
Chr10	9537386   	9537532   	146       
Chr10	10255053  	10255194  	141       
Chr10	10351632  	10351730  	98        
Chr10	10992366  	10992367  	100       
Chr10	17198294  	17198472  	178       
Chr10	22040518  	22040519  	151       
Chr10	33042514  	33042515  	62        
Chr10	33405278  	33405432  	154       
Chr10	33993686  	33993687  	104       
Chr10	34067448  	34067449  	101       
Chr10	35567350  	35567415  	65        
Chr10	35586967  	35586968  	85        
Chr10	37254480  	37254577  	97        
Chr10	37425360  	37425473  	113       
Chr10	38874506  	38874643  	137       
Chr10	39242761  	39242884  	123       
Chr10	39457049  	39457149  	100       
Chr10	40310071  	40310162  	91        
Chr10	42166712  	42166713  	168       
Chr10	42458990  	42459093  	103       
Chr10	42963925  	42963926  	157       
Chr10	43026733  	43026890  	157       
Chr10	43139580  	43139679  	99        
Chr10	43442215  	43442216  	100       
Chr10	43801627  	43801628  	108       
Chr10	43846382  	43846474  	92        
Chr10	44611566  	44611662  	96        
Chr10	44615827  	44615985  	158       
Chr10	44755606  	44755713  	107       
Chr10	45723752  	45723753  	101       
Chr10	47244498  	47244499  	112       
Chr10	48049864  	48049991  	127       
Chr10	48482931  	48483047  	116       
Chr10	48661212  	48661213  	120       
Chr10	48670209  	48670315  	106       
Chr10	48757184  	48757296  	112       
Chr10	48901721  	48901722  	83        
Chr10	48923979  	48924078  	99        
Chr10	49022858  	49022859  	124       
Chr10	50005081  	50005082  	116       
Chr10	50021806  	50021897  	91        
Chr10	50183618  	50183619  	154       
Chr10	50532171  	50532271  	100       
Chr11	1240429   	1240553   	124       
Chr11	1652997   	1652998   	83        
Chr11	2119230   	2119231   	109       
Chr11	4394652   	4394727   	75        
Chr11	5282159   	5282257   	98        
Chr11	5297719   	5297847   	128       
Chr11	5832492   	5832592   	100       
Chr11	5833543   	5833544   	148       
Chr11	5920809   	5920810   	103       
Chr11	7360917   	7361076   	159       
Chr11	7399760   	7399761   	174       
Chr11	8091790   	8091791   	127       
Chr11	8158416   	8158518   	102       
Chr11	11303409  	11303562  	153       
Chr11	15474093  	15474269  	176       
Chr11	15716981  	15717083  	102       
Chr11	16239823  	16239944  	121       
Chr11	16967622  	16967623  	147       
Chr11	17183362  	17183520  	158       
Chr11	26241011  	26241111  	100       
Chr11	26333478  	26333579  	101       
Chr11	26932073  	26932198  	125       
Chr11	26952883  	26952884  	152       
Chr11	27026686  	27026687  	101       
Chr11	29031054  	29031145  	91        
Chr11	29223267  	29223268  	212       
Chr11	29311570  	29311571  	99        
Chr11	29614218  	29614349  	131       
Chr11	29793206  	29793207  	105       
Chr11	29942925  	29943043  	118       
Chr11	30265798  	30265942  	144       
Chr11	32477188  	32477189  	102       
Chr11	32772752  	32772753  	95        
Chr11	33766892  	33767024  	132       
Chr11	34721752  	34721905  	153       
Chr12	87938     	87939     	100       
Chr12	99673     	99762     	89        
Chr12	318029    	318030    	131       
Chr12	418993    	419115    	122       
Chr12	598492    	598578    	86        
Chr12	837027    	837028    	143       
Chr12	925603    	925712    	109       
Chr12	1071770   	1071862   	92        
Chr12	1076165   	1076166   	146       
Chr12	1329945   	1330078   	133       
Chr12	1448416   	1448508   	92        
Chr12	1655005   	1655006   	118       
Chr12	3377166   	3377167   	103       
Chr12	3860637   	3860714   	77        
Chr12	4011445   	4011618   	173       
Chr12	4183779   	4183780   	114       
Chr12	5643413   	5643524   	111       
Chr12	15738496  	15738497  	97        
Chr12	16683269  	16683270  	110       
Chr12	17332332  	17332463  	131       
Chr12	17888627  	17888688  	61        
Chr12	21245050  	21245051  	121       
Chr12	28149918  	28150033  	115       
Chr12	33831754  	33831755  	157       
Chr12	34851143  	34851237  	94        
Chr12	35377267  	35377367  	100       
Chr12	35468177  	35468178  	108       
Chr12	36350837  	36350954  	117       
Chr12	37059671  	37059805  	134       
Chr12	37266214  	37266333  	119       
Chr12	37305998  	37305999  	91        
Chr12	37930343  	37930492  	149       
Chr12	38103875  	38103876  	111       
Chr12	38176040  	38176041  	149       
Chr12	39017507  	39017604  	97        
Chr13	925035    	925036    	196       
Chr13	1031618   	1031795   	177       
Chr13	1044468   	1044569   	101       
Chr13	1116167   	1116168   	138       
Chr13	1146560   	1146711   	151       
Chr13	1657650   	1657758   	108       
Chr13	2171159   	2171256   	97        
Chr13	2195465   	2195466   	151       
Chr13	6073534   	6073640   	106       
Chr13	14777541  	14777692  	151       
Chr13	14849073  	14849074  	110       
Chr13	14986113  	14986244  	131       
Chr13	15077579  	15077713  	134       
Chr13	15181707  	15181807  	100       
Chr13	15277884  	15277951  	67        
Chr13	16595411  	16595412  	147       
Chr13	16703903  	16703904  	100       
Chr13	17125266  	17125366  	100       
Chr13	19035392  	19035393  	158       
Chr13	20109362  	20109511  	149       
Chr13	20110412  	20110543  	131       
Chr13	22748021  	22748022  	192       
Chr13	23502200  	23502201  	91        
Chr13	24005878  	24006023  	145       
Chr13	24039244  	24039390  	146       
Chr13	24086495  	24086496  	109       
Chr13	24609292  	24609380  	88        
Chr13	24838500  	24838605  	105       
Chr13	24866002  	24866003  	119       
Chr13	24882286  	24882348  	62        
Chr13	24995854  	24995855  	157       
Chr13	25114119  	25114120  	105       
Chr13	25462931  	25463045  	114       
Chr13	25494743  	25494744  	97        
Chr13	25581811  	25581939  	128       
Chr13	26152732  	26152855  	123       
Chr13	26696092  	26696093  	100       
Chr13	26926240  	26926241  	107       
Chr13	27307300  	27307429  	129       
Chr13	28294174  	28294260  	86        
Chr13	28305777  	28305778  	129       
Chr13	28326358  	28326462  	104       
Chr13	28419276  	28419277  	106       
Chr13	28507754  	28507755  	114       
Chr13	28611967  	28612068  	101       
Chr13	28791014  	28791101  	87        
Chr13	28816718  	28816719  	164       
Chr13	29143108  	29143251  	143       
Chr13	29167736  	29167834  	98        
Chr13	29670824  	29670924  	100       
Chr13	29937476  	29937574  	98        
Chr13	30333400  	30333401  	100       
Chr13	30356863  	30356864  	148       
Chr13	30562650  	30562750  	100       
Chr13	30692938  	30693027  	89        
Chr13	30999332  	30999455  	123       
Chr13	31418859  	31418994  	135       
Chr13	31632609  	31632610  	119       
Chr13	31813282  	31813283  	119       
Chr13	32148360  	32148469  	109       
Chr13	32198240  	32198241  	94        
Chr13	32200140  	32200141  	147       
Chr13	32264712  	32264873  	161       
Chr13	32401192  	32401193  	139       
Chr13	32502030  	32502171  	141       
Chr13	32804485  	32804612  	127       
Chr13	33261394  	33261395  	100       
Chr13	33498983  	33499083  	100       
Chr13	33682974  	33683071  	97        
Chr13	33760188  	33760333  	145       
Chr13	33885596  	33885597  	89        
Chr13	34080531  	34080648  	117       
Chr13	34379220  	34379221  	99        
Chr13	34804340  	34804341  	105       
Chr13	35563274  	35563411  	137       
Chr13	35969620  	35969621  	135       
Chr13	36089270  	36089367  	97        
Chr13	36176607  	36176707  	100       
Chr13	37589385  	37589438  	53        
Chr13	37692966  	37693066  	100       
Chr13	37731600  	37731683  	83        
Chr13	39307800  	39307801  	144       
Chr13	39538335  	39538336  	109       
Chr13	39636867  	39636979  	112       
Chr13	40051021  	40051138  	117       
Chr13	40265857  	40265858  	165       
Chr13	41969700  	41969835  	135       
Chr13	41980775  	41980776  	100       
Chr13	42055647  	42055648  	125       
Chr13	42072528  	42072665  	137       
Chr13	42813892  	42814048  	156       
Chr13	43325388  	43325389  	108       
Chr13	45501056  	45501156  	100       
Chr14	315840    	315841    	108       
Chr14	403211    	403309    	98        
Chr14	403318    	403418    	100       
Chr14	556033    	556034    	109       
Chr14	883686    	883786    	100       
Chr14	1061916   	1062022   	106       
Chr14	1401407   	1401507   	100       
Chr14	1438183   	1438348   	165       
Chr14	1605308   	1605408   	100       
Chr14	2236989   	2236990   	64        
Chr14	2573215   	2573216   	97        
Chr14	3058236   	3058302   	66        
Chr14	3138879   	3138880   	59        
Chr14	3468033   	3468034   	103       
Chr14	3633913   	3634013   	100       
Chr14	3825238   	3825239   	94        
Chr14	3928161   	3928252   	91        
Chr14	3928693   	3928793   	100       
Chr14	4187613   	4187713   	100       
Chr14	4381045   	4381046   	143       
Chr14	5160632   	5160726   	94        
Chr14	6544388   	6544488   	100       
Chr14	8844849   	8844850   	116       
Chr14	10329239  	10329339  	100       
Chr14	10370598  	10370599  	191       
Chr14	10647277  	10647378  	101       
Chr14	10680693  	10680795  	102       
Chr14	10688290  	10688291  	153       
Chr14	10769563  	10769564  	99        
Chr14	10939710  	10939810  	100       
Chr14	11147420  	11147421  	163       
Chr14	12618217  	12618333  	116       
Chr14	13639048  	13639184  	136       
Chr14	16147938  	16147939  	93        
Chr14	18316406  	18316407  	141       
Chr14	32968774  	32968831  	57        
Chr14	33376919  	33377030  	111       
Chr14	33402310  	33402311  	145       
Chr14	41368510  	41368593  	83        
Chr14	41575249  	41575358  	109       
Chr14	41880756  	41880906  	150       
Chr14	42334058  	42334176  	118       
Chr14	42683369  	42683370  	133       
Chr14	43373896  	43373897  	135       
Chr14	43637775  	43637946  	171       
Chr14	43637996  	43637997  	114       
Chr14	43657473  	43657616  	143       
Chr14	43734774  	43734867  	93        
Chr14	44107381  	44107382  	76        
Chr14	44476285  	44476286  	159       
Chr14	45794154  	45794306  	152       
Chr14	47127024  	47127124  	100       
Chr14	47325578  	47325579  	94        
Chr14	47432335  	47432466  	131       
Chr14	47553382  	47553383  	76        
Chr14	47677851  	47677852  	156       
Chr14	47737986  	47738090  	104       
Chr15	677195    	677196    	70        
Chr15	687907    	687908    	79        
Chr15	1569643   	1569740   	97        
Chr15	1840367   	1840467   	100       
Chr15	1921354   	1921467   	113       
Chr15	2044542   	2044663   	121       
Chr15	2726468   	2726469   	67        
Chr15	2800106   	2800107   	100       
Chr15	2823908   	2823994   	86        
Chr15	4112266   	4112418   	152       
Chr15	4945825   	4945975   	150       
Chr15	4947510   	4947678   	168       
Chr15	5347528   	5347529   	100       
Chr15	5677090   	5677091   	115       
Chr15	7349818   	7349932   	114       
Chr15	7901094   	7901095   	185       
Chr15	9347657   	9347757   	100       
Chr15	9653349   	9653479   	130       
Chr15	9738149   	9738150   	105       
Chr15	9870036   	9870182   	146       
Chr15	9895933   	9896033   	100       
Chr15	12383420  	12383421  	115       
Chr15	12814753  	12814754  	100       
Chr15	12828654  	12828780  	126       
Chr15	12895735  	12895853  	118       
Chr15	13032035  	13032036  	154       
Chr15	13404931  	13405030  	99        
Chr15	14466155  	14466293  	138       
Chr15	14589837  	14589838  	140       
Chr15	14777659  	14777790  	131       
Chr15	14847656  	14847657  	100       
Chr15	15197245  	15197383  	138       
Chr15	15205631  	15205731  	100       
Chr15	15209383  	15209384  	107       
Chr15	15536741  	15536830  	89        
Chr15	15576471  	15576619  	148       
Chr15	20640375  	20640376  	88        
Chr15	21203193  	21203194  	122       
Chr15	21259238  	21259384  	146       
Chr15	22408705  	22408899  	194       
Chr15	23077447  	23077448  	116       
Chr15	23558484  	23558634  	150       
Chr15	23662824  	23662825  	125       
Chr15	23864901  	23864902  	151       
Chr15	24144714  	24144809  	95        
Chr15	24304720  	24304873  	153       
Chr15	24399372  	24399373  	152       
Chr15	24625447  	24625585  	138       
Chr15	24713084  	24713085  	145       
Chr15	26139812  	26139956  	144       
Chr15	26269404  	26269565  	161       
Chr15	26544568  	26544569  	110       
Chr15	26811355  	26811474  	119       
Chr15	27762917  	27763059  	142       
Chr15	27807062  	27807162  	100       
Chr15	29098921  	29098922  	148       
Chr15	29781144  	29781233  	89        
Chr15	29802194  	29802195  	138       
Chr15	29850537  	29850538  	130       
Chr15	30509255  	30509397  	142       
Chr15	30535680  	30535835  	155       
Chr15	30574399  	30574400  	134       
Chr15	30588189  	30588244  	55        
Chr15	30674711  	30674712  	111       
Chr15	31134747  	31134876  	129       
Chr15	31707799  	31707918  	119       
Chr15	31754138  	31754285  	147       
Chr15	31918230  	31918231  	103       
Chr15	32158305  	32158437  	132       
Chr15	32186068  	32186168  	100       
Chr15	33415484  	33415485  	110       
Chr15	34905328  	34905479  	151       
Chr15	35356816  	35356817  	130       
Chr15	35442816  	35443020  	204       
Chr15	35832525  	35832625  	100       
Chr15	36331536  	36331537  	133       
Chr15	37064128  	37064129  	140       
Chr15	37370903  	37371039  	136       
Chr15	37806597  	37806598  	101       
Chr15	38073434  	38073614  	180       
Chr15	38087308  	38087487  	179       
Chr15	38544337  	38544338  	128       
Chr15	40426736  	40426831  	95        
Chr15	40495424  	40495522  	98        
Chr15	41518873  	41518963  	90        
Chr15	41843775  	41843776  	70        
Chr15	44133019  	44133081  	62        
Chr15	44137559  	44137681  	122       
Chr15	44299947  	44299948  	100       
Chr15	44532392  	44532496  	104       
Chr15	45587526  	45587527  	136       
Chr15	46877503  	46877504  	100       
Chr15	46882930  	46883098  	168       
Chr15	47253433  	47253529  	96        
Chr15	47401175  	47401269  	94        
Chr15	47448747  	47448839  	92        
Chr15	49678267  	49678268  	70        
Chr15	49737652  	49737653  	82        
Chr15	50080526  	50080610  	84        
Chr15	50697786  	50697878  	92        
Chr15	51072489  	51072490  	129       
Chr16	129811    	129920    	109       
Chr16	239321    	239322    	125       
Chr16	1345601   	1345602   	100       
Chr16	2557339   	2557395   	56        
Chr16	2625441   	2625442   	166       
Chr16	2663656   	2663657   	138       
Chr16	3622887   	3622999   	112       
Chr16	3640200   	3640274   	74        
Chr16	3718880   	3718979   	99        
Chr16	3940774   	3940877   	103       
Chr16	4841267   	4841268   	108       
Chr16	5193653   	5193654   	99        
Chr16	5195769   	5195868   	99        
Chr16	6166316   	6166431   	115       
Chr16	6691862   	6691954   	92        
Chr16	6693776   	6693913   	137       
Chr16	6695574   	6695575   	93        
Chr16	6890055   	6890056   	105       
Chr16	8454991   	8455091   	100       
Chr16	8877028   	8877029   	145       
Chr16	9059024   	9059025   	107       
Chr16	9276227   	9276377   	150       
Chr16	9283030   	9283031   	174       
Chr16	9347053   	9347163   	110       
Chr16	11159420  	11159569  	149       
Chr16	11745208  	11745350  	142       
Chr16	11990092  	11990093  	106       
Chr16	12211741  	12211841  	100       
Chr16	12826302  	12826399  	97        
Chr16	13123843  	13123844  	105       
Chr16	13409384  	13409538  	154       
Chr16	13768323  	13768324  	102       
Chr16	13849629  	13849630  	129       
Chr16	14591720  	14591825  	105       
Chr16	21119631  	21119632  	125       
Chr16	21796374  	21796480  	106       
Chr16	23528330  	23528440  	110       
Chr16	24424942  	24424943  	111       
Chr16	24520250  	24520365  	115       
Chr16	24532029  	24532138  	109       
Chr16	24600631  	24600632  	141       
Chr16	24747540  	24747541  	104       
Chr16	25098756  	25098865  	109       
Chr16	25697568  	25697668  	100       
Chr16	25737566  	25737567  	85        
Chr16	25868046  	25868189  	143       
Chr16	25887722  	25887723  	117       
Chr16	26260192  	26260350  	158       
Chr16	26268975  	26269123  	148       
Chr16	26495176  	26495346  	170       
Chr16	27337249  	27337250  	100       
Chr16	27337588  	27337705  	117       
Chr16	27878936  	27878937  	135       
Chr16	28026631  	28026751  	120       
Chr16	28762514  	28762628  	114       
Chr16	28766702  	28766703  	145       
Chr16	29213726  	29213865  	139       
Chr16	29648717  	29648816  	99        
Chr16	30297157  	30297247  	90        
Chr16	30663240  	30663241  	100       
Chr16	30677490  	30677622  	132       
Chr16	30875939  	30875940  	117       
Chr16	30897405  	30897406  	54        
Chr16	31512711  	31512811  	100       
Chr16	31748392  	31748393  	71        
Chr16	31845405  	31845406  	163       
Chr16	31968719  	31968819  	100       
Chr16	32606258  	32606259  	87        
Chr16	32874845  	32875056  	211       
Chr16	33379631  	33379754  	123       
Chr16	33493118  	33493232  	114       
Chr16	34064258  	34064259  	100       
Chr16	34066164  	34066275  	111       
Chr16	36094017  	36094145  	128       
Chr16	36420646  	36420647  	148       
Chr16	36458715  	36458812  	97        
Chr16	36524957  	36524958  	98        
Chr16	36614755  	36614855  	100       
Chr16	36680661  	36680800  	139       
Chr16	37053216  	37053217  	100       
Chr16	37066833  	37066933  	100       
Chr17	84443     	84543     	100       
Chr17	531997    	531998    	86        
Chr17	592341    	592434    	93        
Chr17	669046    	669146    	100       
Chr17	852681    	852682    	96        
Chr17	1079028   	1079029   	110       
Chr17	3299742   	3299851   	109       
Chr17	3325297   	3325409   	112       
Chr17	3384494   	3384495   	73        
Chr17	3480257   	3480334   	77        
Chr17	3634218   	3634354   	136       
Chr17	3679321   	3679322   	100       
Chr17	4196388   	4196488   	100       
Chr17	4289825   	4289826   	136       
Chr17	4568369   	4568370   	117       
Chr17	4743276   	4743376   	100       
Chr17	5286760   	5286761   	100       
Chr17	7151210   	7151344   	134       
Chr17	7154021   	7154136   	115       
Chr17	8145141   	8145142   	150       
Chr17	8676448   	8676449   	102       
Chr17	9095233   	9095303   	70        
Chr17	9326819   	9326923   	104       
Chr17	12146622  	12146623  	118       
Chr17	12719208  	12719332  	124       
Chr17	12821926  	12821927  	71        
Chr17	21804508  	21804509  	172       
Chr17	23575260  	23575451  	191       
Chr17	23583472  	23583473  	166       
Chr17	33337914  	33337915  	115       
Chr17	33958314  	33958422  	108       
Chr17	34174129  	34174235  	106       
Chr17	34544674  	34544778  	104       
Chr17	36433528  	36433681  	153       
Chr17	36663440  	36663441  	147       
Chr17	39661666  	39661667  	99        
Chr17	39735166  	39735258  	92        
Chr17	39973658  	39973818  	160       
Chr17	40303016  	40303119  	103       
Chr17	40423278  	40423381  	103       
Chr17	40638732  	40638733  	165       
Chr17	40748391  	40748392  	108       
Chr17	41436067  	41436175  	108       
Chr17	41496103  	41496203  	100       
Chr18	682875    	682876    	156       
Chr18	830651    	830802    	151       
Chr18	842828    	842829    	96        
Chr18	1040312   	1040412   	100       
Chr18	1167516   	1167635   	119       
Chr18	1474104   	1474105   	148       
Chr18	2091516   	2091517   	190       
Chr18	2111216   	2111316   	100       
Chr18	2266380   	2266566   	186       
Chr18	2321457   	2321458   	146       
Chr18	6903387   	6903518   	131       
Chr18	7657462   	7657463   	97        
Chr18	7862802   	7862803   	158       
Chr18	8447588   	8447675   	87        
Chr18	8903294   	8903295   	91        
Chr18	8920032   	8920124   	92        
Chr18	8976695   	8976798   	103       
Chr18	9216887   	9216888   	99        
Chr18	9919348   	9919442   	94        
Chr18	16299410  	16299505  	95        
Chr18	16678721  	16678722  	147       
Chr18	16870148  	16870258  	110       
Chr18	17888733  	17888833  	100       
Chr18	18003466  	18003616  	150       
Chr18	36083861  	36083862  	138       
Chr18	36132914  	36133011  	97        
Chr18	36523437  	36523438  	51        
Chr18	38423111  	38423112  	141       
Chr18	45796616  	45796737  	121       
Chr18	48724540  	48724670  	130       
Chr18	50458811  	50458812  	150       
Chr18	50748260  	50748355  	95        
Chr18	51253030  	51253136  	106       
Chr18	51377948  	51378062  	114       
Chr18	51501031  	51501124  	93        
Chr18	51580912  	51580913  	119       
Chr18	51588129  	51588291  	162       
Chr18	51665992  	51666107  	115       
Chr18	51694898  	51695051  	153       
Chr18	51810031  	51810032  	124       
Chr18	52055869  	52055939  	70        
Chr18	52303332  	52303333  	56        
Chr18	52812647  	52812648  	149       
Chr18	53152296  	53152404  	108       
Chr18	53414065  	53414066  	119       
Chr18	53416151  	53416152  	98        
Chr18	53454926  	53455026  	100       
Chr18	53920454  	53920455  	114       
Chr18	53935061  	53935206  	145       
Chr18	54157433  	54157575  	142       
Chr18	54372157  	54372302  	145       
Chr18	54629315  	54629316  	128       
Chr18	54634640  	54634789  	149       
Chr18	54708626  	54708727  	101       
Chr18	54806804  	54806939  	135       
Chr18	55010610  	55010718  	108       
Chr18	55277470  	55277471  	100       
Chr18	55316691  	55316855  	164       
Chr18	55441546  	55441690  	144       
Chr18	55486399  	55486400  	157       
Chr18	55768916  	55768917  	100       
Chr18	56033325  	56033422  	97        
Chr18	56128121  	56128122  	116       
Chr18	56163451  	56163581  	130       
Chr18	56209342  	56209483  	141       
Chr18	56300030  	56300103  	73        
Chr18	56587065  	56587066  	97        
Chr18	56702292  	56702458  	166       
Chr18	56714628  	56714728  	100       
Chr18	56979899  	56979900  	145       
Chr18	57191074  	57191202  	128       
Chr18	57849169  	57849312  	143       
Chr18	57926335  	57926336  	60        
Chr19	831395    	831468    	73        
Chr19	1100648   	1100649   	146       
Chr19	1227235   	1227236   	145       
Chr19	2087718   	2087818   	100       
Chr19	3346337   	3346338   	100       
Chr19	6566479   	6566578   	99        
Chr19	7966921   	7967032   	111       
Chr19	8059809   	8059810   	105       
Chr19	8078037   	8078038   	100       
Chr19	8958294   	8958391   	97        
Chr19	9069445   	9069544   	99        
Chr19	9312928   	9312929   	128       
Chr19	9728358   	9728456   	98        
Chr19	10137062  	10137063  	99        
Chr19	10237312  	10237453  	141       
Chr19	10717725  	10717862  	137       
Chr19	10879997  	10879998  	147       
Chr19	11020643  	11020644  	160       
Chr19	11961736  	11961836  	100       
Chr19	13170380  	13170455  	75        
Chr19	13215139  	13215210  	71        
Chr19	13471225  	13471345  	120       
Chr19	13571005  	13571006  	87        
Chr19	13931801  	13931802  	141       
Chr19	18122635  	18122735  	100       
Chr19	18227254  	18227354  	100       
Chr19	18794537  	18794661  	124       
Chr19	19172481  	19172648  	167       
Chr19	19428751  	19428752  	151       
Chr19	19592313  	19592314  	136       
Chr19	19772987  	19773134  	147       
Chr19	19991978  	19991979  	131       
Chr19	20066081  	20066082  	112       
Chr19	20799236  	20799346  	110       
Chr19	22279076  	22279077  	157       
Chr19	22442421  	22442521  	100       
Chr19	22784847  	22784953  	106       
Chr19	22871657  	22871658  	146       
Chr19	25811035  	25811036  	100       
Chr19	25925246  	25925373  	127       
Chr19	26828169  	26828233  	64        
Chr19	27479234  	27479235  	100       
Chr19	27536531  	27536625  	94        
Chr19	34019108  	34019109  	94        
Chr19	35956229  	35956230  	105       
Chr19	36035676  	36035792  	116       
Chr19	36039430  	36039431  	161       
Chr19	36045616  	36045721  	105       
Chr19	36766068  	36766188  	120       
Chr19	36772331  	36772332  	94        
Chr19	37054686  	37054805  	119       
Chr19	39319248  	39319348  	100       
Chr19	39496275  	39496276  	159       
Chr19	39648138  	39648139  	160       
Chr19	39941740  	39941888  	148       
Chr19	39980419  	39980562  	143       
Chr19	40017170  	40017171  	96        
Chr19	40394829  	40394929  	100       
Chr19	40573679  	40573779  	100       
Chr19	40677931  	40677932  	108       
Chr19	40905255  	40905397  	142       
Chr19	40966263  	40966348  	85        
Chr19	41171680  	41171681  	99        
Chr19	42669846  	42669971  	125       
Chr19	44497122  	44497123  	110       
Chr19	45240069  	45240206  	137       
Chr19	45921730  	45921874  	144       
Chr19	47510039  	47510040  	158       
Chr19	47511899  	47511999  	100       
Chr19	47784079  	47784194  	115       
Chr19	48117413  	48117520  	107       
Chr19	48263724  	48263725  	100       
Chr19	48310249  	48310346  	97        
Chr19	48435215  	48435216  	100       
Chr19	48566585  	48566586  	108       
Chr19	48642030  	48642187  	157       
Chr19	49209022  	49209023  	154       
Chr19	49358362  	49358363  	139       
Chr19	49396038  	49396145  	107       
Chr19	49748883  	49748884  	62        
Chr19	49877330  	49877468  	138       
Chr20	182721    	182830    	109       
Chr20	269045    	269166    	121       
Chr20	270959    	270960    	106       
Chr20	483055    	483155    	100       
Chr20	713453    	713585    	132       
Chr20	1266948   	1266949   	137       
Chr20	1288903   	1289003   	100       
Chr20	1322439   	1322440   	92        
Chr20	1420995   	1421144   	149       
Chr20	1978269   	1978417   	148       
Chr20	24574141  	24574255  	114       
Chr20	24695545  	24695546  	92        
Chr20	25038167  	25038301  	134       
Chr20	25746525  	25746526  	140       
Chr20	25872347  	25872525  	178       
Chr20	25938188  	25938317  	129       
Chr20	26156607  	26156608  	225       
Chr20	26485701  	26485702  	98        
Chr20	26567178  	26567334  	156       
Chr20	26570091  	26570256  	165       
Chr20	28489099  	28489100  	100       
Chr20	31515572  	31515722  	150       
Chr20	34497771  	34497869  	98        
Chr20	34510723  	34510724  	100       
Chr20	35120646  	35120780  	134       
Chr20	35293204  	35293205  	156       
Chr20	35314235  	35314236  	138       
Chr20	35555041  	35555152  	111       
Chr20	36021619  	36021620  	92        
Chr20	36157414  	36157504  	90        
Chr20	36261892  	36261997  	105       
Chr20	36272991  	36272992  	128       
Chr20	36280906  	36281006  	100       
Chr20	36531229  	36531369  	140       
Chr20	36777429  	36777537  	108       
Chr20	36819234  	36819235  	62        
Chr20	39938284  	39938425  	141       
Chr20	40072546  	40072547  	108       
Chr20	40087767  	40087768  	100       
Chr20	40635040  	40635154  	114       
Chr20	41247124  	41247125  	87        
Chr20	41376289  	41376290  	82        
Chr20	42948814  	42948918  	104       
Chr20	43090333  	43090475  	142       
Chr20	43158544  	43158641  	97        
Chr20	43768414  	43768518  	104       
Chr20	44343413  	44343414  	147       
Chr20	45658120  	45658121  	100       
Chr20	45712157  	45712304  	147       
Chr20	46219973  	46220095  	122       
Chr20	46278536  	46278685  	149       
Chr20	46390254  	46390394  	140       
Chr20	46663809  	46663810  	136       
Chr20	46714507  	46714508  	152       
Chr20	46720912  	46721065  	153       
Chr20	46799976  	46799977  	107       
Chr20	46885815  	46885816  	99        
Chr20	47047806  	47047879  	73        
Chr20	47436798  	47436799  	155       
scaffold_21	1897503   	1897610   	107       
scaffold_27	343331    	343418    	87        
scaffold_27	343464    	343465    	94        
scaffold_73	77559     	77560     	126       
scaffold_111	44723     	44823     	100       
scaffold_263	8087      	8273      	186       
scaffold_789	3358      	3482      	124       
