Chr04
17
19
19
20
20
21
21
21
21
22
22
22
22
22
23
23
24
24
24
24
25
25
27
28
28
28
30
31
31
32
32
32
33
33
34
35
36
37
37
38
40
41
43
43
44
45
47
48
48
49
49
51
51
52
53
53
59
59
61
61
62
70
71
71
81
82
84
84
85
87
89
101
106
112
115
137
150
151
153
158
158
165
189
190
194
228
276
288
302
304
304
308
310
313
316
317
318
318
319
323
325
328
331
334
337
341
348
348
349
351
351
353
355
356
356
357
357
358
359
360
360
360
361
361
361
362
364
365
367
369
370
371
371
371
372
373
375
376
376
376
378
378
378
379
380
380
380
381
382
382
383
384
385
387
388
390
391
391
393
394
395
396
399
400
401
401
406
407
407
407
407
411
411
412
414
416
421
423
423
423
424
425
451
458
470
496
504
508
512
515
518
538
555
590
604
694
763
854
877
902
941
952
976
988
1002
1015
1022
1090
1097
1142
1154
1189
1418
1435
1519
1682
1849
2070
2077
2121
2122
2265
2266
2282
2453
2557
2589
2624
2629
2660
2664
2860
3022
3050
3292
3661
3827
3840
4397
4512
4710
4903
4955
5120
5194
5396
5556
5629
5962
6000
6341
6419
6594
7630
7685
8321
8518
8944
9325
9608
9747
9851
9996
10842
11609
13279
13902
15579
15917
16307
17298
17656
18880
19530
20026
20401
20418
21928
22712
23370
25007
25730
27425
28169
28811
31523
40188
41793
70080
77581
89170
92599
129114
150937
156308
341500
395691
439803
2256429
4730582
6499136
6611071
6765860
7359083
7898682
9146996
10915843
12751413
16224701
16756628
24268016
30327446
48350624
the total of Chr04 is 313


