Chr016
18
18
19
19
19
19
20
20
20
20
21
22
23
23
24
24
25
26
26
27
28
28
28
29
29
29
31
31
31
32
32
32
33
33
34
34
35
35
36
36
37
38
38
38
39
39
40
41
42
42
43
44
46
47
47
47
48
49
49
50
50
51
52
53
53
55
56
56
57
58
58
58
59
59
62
63
65
65
67
68
69
69
71
73
76
76
77
78
78
80
82
84
84
85
85
85
89
89
92
98
101
103
107
107
110
110
112
113
117
120
120
121
130
131
132
136
137
137
140
151
152
156
161
162
162
164
164
177
179
181
192
196
209
216
217
224
243
248
257
270
272
274
280
283
292
292
295
296
303
304
314
315
319
327
332
332
335
337
339
339
340
342
342
343
346
348
348
349
350
352
353
356
357
358
358
359
363
363
364
365
366
367
367
370
371
371
371
372
374
374
374
376
378
379
379
381
381
382
382
384
384
385
385
387
388
389
393
394
395
400
403
405
406
408
411
414
416
418
422
428
432
432
439
440
457
463
475
490
493
510
512
536
547
554
618
642
690
695
697
751
754
781
790
815
853
862
887
913
917
936
984
985
998
1015
1110
1139
1142
1157
1170
1203
1207
1220
1266
1278
1292
1297
1306
1318
1327
1353
1377
1399
1482
1498
1531
1574
1717
1790
1823
1837
1866
2105
2172
2282
2334
2449
2468
2493
2527
2530
2710
2807
2888
2979
3027
3075
3155
3192
3372
3375
3575
3903
3913
3918
3932
3952
4016
4146
4391
4456
4520
4723
4849
4853
4989
5026
5065
5093
5094
5099
5178
5270
5403
5736
5738
5977
5980
6364
6385
6603
6809
6859
6935
7075
7113
7324
7398
7726
7729
7885
8561
8639
8729
8818
9099
9290
9316
9318
9362
9465
9471
9558
9559
9679
9687
9761
9764
9795
9819
9996
10334
10374
10798
11143
11713
12746
12760
13245
14127
14993
15313
15802
17000
17641
17709
18170
18641
18928
19002
19037
19110
19184
19485
19605
19709
19749
20130
20393
20575
21791
22852
23120
24206
25185
26013
27834
28826
29416
29622
29635
30397
30764
30814
32665
33335
33978
34375
34531
34564
35754
37401
40829
43076
45637
46308
46358
46569
47505
48108
48327
49122
53441
53855
54044
56760
60530
66153
66272
77665
83921
87734
105096
105660
120752
123540
128980
203626
232473
241740
594878
1676713
1745239
1817349
1851859
2391687
2396247
4245493
4302116
5361106
5413135
5559075
5597070
8781602
8969277
8978049
13593340
14869434
17520276
19437370
21265411
the total of Chr016 is 460


