Chr013
18
18
19
20
21
23
24
24
25
26
27
27
28
28
28
28
29
30
30
30
30
30
31
31
32
32
32
32
33
33
33
34
34
35
35
35
36
38
38
39
40
40
40
41
41
41
42
42
42
42
43
44
45
45
46
46
46
46
47
48
48
48
50
50
50
51
52
52
53
53
54
54
54
55
56
57
58
58
59
59
60
61
61
62
64
65
69
69
70
73
75
76
77
78
78
79
81
85
85
85
86
92
98
100
100
101
107
109
119
136
148
156
158
159
161
167
175
179
181
200
202
211
238
260
261
269
292
306
308
308
310
313
315
316
317
319
321
328
331
332
333
336
336
338
339
340
340
341
341
344
353
354
356
356
357
359
360
361
361
362
362
362
363
363
365
366
367
369
370
371
372
375
375
377
377
378
379
380
381
383
383
384
386
391
391
391
392
392
392
393
394
395
395
395
400
406
406
407
408
409
411
414
414
415
418
430
450
452
468
472
472
498
507
513
550
570
617
648
667
757
776
860
906
906
919
953
958
961
966
970
988
1006
1074
1096
1096
1097
1127
1206
1207
1236
1248
1250
1254
1260
1295
1305
1322
1337
1384
1386
1444
1456
1456
1520
1571
1607
1614
1651
1764
1770
1970
1974
2018
2024
2069
2084
2096
2258
2264
2278
2282
2632
2743
2856
2893
2925
2959
2975
3026
3191
3343
3432
3522
3640
3660
3691
3782
3833
3896
3910
4128
4209
4312
4441
4641
4741
4849
5002
5111
5199
5384
5400
5530
5842
6089
6134
6198
6332
6533
6584
6838
6913
7133
7780
7834
7986
8723
8782
9000
9007
9333
9507
9515
9768
9826
9827
9874
10093
10438
10791
11307
12077
13212
13664
14562
15495
15908
15944
18114
19023
20557
21242
21367
22887
26262
26871
27327
27351
30309
31307
33136
34110
34373
34791
34796
36668
37169
38745
38842
39190
39312
39495
39750
40565
41901
44632
46704
48348
62394
72391
73566
124206
160434
1943444
1971822
2329438
4739091
5050158
6033635
11030468
the total of Chr013 is 380


