Chr018
18
18
19
21
22
24
25
25
26
27
27
27
27
29
29
29
29
31
32
32
32
33
33
34
34
34
36
36
36
37
37
38
38
38
39
39
39
39
40
40
40
40
40
40
41
41
42
42
42
42
43
43
44
45
45
45
46
47
47
47
49
50
51
51
51
52
53
53
56
56
56
56
57
58
60
61
62
62
64
65
65
65
66
66
67
71
73
73
76
76
79
81
85
86
87
89
90
93
94
97
98
99
100
100
103
104
105
107
107
110
112
113
114
129
140
145
155
157
158
162
164
166
194
195
231
243
264
275
281
289
296
298
300
301
302
304
304
308
308
309
311
312
315
315
316
316
317
317
317
318
321
322
322
323
323
324
324
324
325
325
326
327
327
329
330
330
333
333
334
335
336
336
337
338
340
340
341
341
342
343
344
345
349
351
352
352
352
352
354
356
357
359
359
361
361
362
363
363
364
365
366
366
366
366
367
367
367
367
368
368
368
368
369
369
370
371
371
372
372
372
373
374
374
374
375
375
375
377
377
378
379
379
379
380
381
381
382
382
382
383
383
383
384
384
385
386
386
387
387
387
388
389
391
391
392
392
393
394
395
396
398
400
400
401
401
402
402
407
408
412
412
414
419
422
430
439
442
463
469
474
482
502
559
583
606
648
651
654
679
701
745
751
769
819
820
822
834
908
911
952
993
1006
1027
1039
1053
1097
1107
1112
1129
1137
1152
1176
1183
1249
1264
1292
1300
1315
1339
1347
1356
1357
1412
1425
1444
1460
1485
1495
1498
1530
1633
1657
1681
1719
1728
1754
1880
1882
1956
1965
1985
2005
2092
2162
2194
2218
2261
2282
2290
2368
2377
2407
2418
2475
2475
2506
2588
2604
2684
2728
2756
2790
2812
2854
2902
2913
2935
3023
3041
3140
3148
3187
3268
3288
3314
3317
3342
3411
3550
3551
3592
3670
3724
3770
3790
3797
3882
3890
3901
4041
4155
4159
4315
4358
4406
4449
4585
4776
4783
4797
4846
4905
4911
4927
4933
4977
4978
5075
5097
5398
5404
5529
5549
5593
5674
5762
6189
6240
6288
6406
6492
6574
7066
7200
7227
7471
7622
7624
7780
7795
7883
8039
8041
8211
8905
9268
9302
9544
9615
9842
10070
10071
10235
10258
10435
10450
10646
10794
10800
11047
11184
12031
12225
13332
13697
13811
14289
14308
14503
16033
16128
16202
16649
17001
17092
17397
17495
17611
17895
17958
18318
18458
18481
18671
19011
19694
20124
20127
20220
21012
21364
21773
22182
22765
22871
23256
24714
26316
26510
27133
27158
29055
31705
31734
32033
32321
32339
32912
33056
33239
34814
35852
39697
41130
44340
46493
48158
49790
50531
50534
51988
55433
56802
60591
62937
67676
68390
80625
84183
85395
85911
117679
124591
125637
221609
232698
235576
279843
291749
301916
475483
1022529
1486557
2031576
3240580
3314719
3893667
6541836
7493664
7711142
8412524
8845654
9046381
11538032
12791280
14188457
21013544
23131375
24804525
26371115
28260627
28672414
30972898
38192083
47444380
52455922
the total of Chr018 is 556


