Chr010
17
17
17
19
19
19
20
20
20
21
21
22
22
23
25
25
25
26
26
27
27
28
29
30
31
33
33
35
38
38
39
40
41
41
42
43
45
45
49
49
49
51
52
52
56
57
57
57
58
58
61
63
63
71
80
81
85
98
100
100
102
106
110
112
112
114
122
123
124
140
149
154
167
184
227
270
288
298
301
302
304
310
310
311
312
313
314
315
316
320
322
330
334
336
336
337
340
341
341
342
343
345
345
349
350
352
353
354
356
356
357
358
358
358
359
359
360
365
365
365
365
367
367
367
368
369
370
370
370
370
371
373
373
375
375
376
376
377
378
380
382
383
383
383
383
384
384
385
387
387
387
387
387
388
389
389
389
390
391
396
399
400
400
406
411
412
414
416
418
420
426
433
441
445
472
472
479
479
488
515
538
597
631
650
664
675
676
758
810
842
875
883
885
889
967
969
970
985
1001
1020
1087
1122
1156
1157
1248
1326
1384
1399
1579
1670
1730
1759
1767
2128
2165
2425
2592
2638
2667
3108
3197
3513
3718
3965
4185
4687
4741
4961
5265
5393
6123
6147
6226
6492
7013
7154
7934
8123
8169
8623
9213
9341
9456
9742
9786
10516
10682
11913
13271
14070
17158
17951
20570
26497
28042
35192
35559
40721
48959
66705
73690
83564
121346
129089
135448
162613
207628
227252
842871
1019376
1019413
2120562
2558427
2719093
4899579
7102669
7421716
8631335
9365442
11898379
12528493
12539357
14223892
18681271
20799390
20942700
28922436
34024117
the total of Chr010 is 288


