Length
17
17
17
17
17
17
17
17
17
17
17
17
17
18
18
18
18
18
18
18
18
18
18
18
18
18
18
18
18
18
18
18
19
19
19
19
19
19
19
19
19
19
19
19
19
19
19
19
19
19
19
19
19
19
19
19
19
19
19
19
19
19
19
19
19
20
20
20
20
20
20
20
20
20
20
20
20
20
20
20
20
20
20
20
20
20
20
20
20
20
20
20
20
20
20
20
21
21
21
21
21
21
21
21
21
21
21
21
21
21
21
21
21
21
21
21
21
21
21
21
21
21
21
21
21
21
22
22
22
22
22
22
22
22
22
22
22
22
22
22
22
22
22
22
22
22
22
22
22
22
22
22
22
22
22
22
22
22
22
22
22
22
22
22
23
23
23
23
23
23
23
23
23
23
23
23
23
23
23
23
23
23
23
23
23
23
23
23
23
23
23
23
23
24
24
24
24
24
24
24
24
24
24
24
24
24
24
24
24
24
24
24
24
24
24
24
24
24
24
24
24
24
24
24
24
24
24
24
24
25
25
25
25
25
25
25
25
25
25
25
25
25
25
25
25
25
25
25
25
25
25
25
25
25
25
25
25
25
25
25
25
25
25
25
25
25
25
25
25
25
26
26
26
26
26
26
26
26
26
26
26
26
26
26
26
26
26
26
26
26
26
26
26
26
26
26
26
26
26
26
26
26
26
26
26
26
27
27
27
27
27
27
27
27
27
27
27
27
27
27
27
27
27
27
27
27
27
27
27
27
27
27
27
27
27
27
27
27
27
27
27
27
27
27
27
27
27
27
27
27
27
27
28
28
28
28
28
28
28
28
28
28
28
28
28
28
28
28
28
28
28
28
28
28
28
28
28
28
28
28
28
28
28
28
28
28
28
28
28
28
28
28
28
28
29
29
29
29
29
29
29
29
29
29
29
29
29
29
29
29
29
29
29
29
29
29
29
29
29
29
29
29
29
29
29
29
29
29
29
29
29
29
29
29
29
30
30
30
30
30
30
30
30
30
30
30
30
30
30
30
30
30
30
30
30
30
30
30
30
30
30
30
30
30
30
30
30
30
30
30
30
30
31
31
31
31
31
31
31
31
31
31
31
31
31
31
31
31
31
31
31
31
31
31
31
31
31
31
31
31
31
31
31
31
31
31
31
31
31
31
31
31
31
31
31
31
31
31
32
32
32
32
32
32
32
32
32
32
32
32
32
32
32
32
32
32
32
32
32
32
32
32
32
32
32
32
32
32
32
32
32
32
32
32
32
32
32
32
32
32
32
32
33
33
33
33
33
33
33
33
33
33
33
33
33
33
33
33
33
33
33
33
33
33
33
33
33
33
33
33
33
33
33
33
33
33
33
33
33
33
33
33
33
33
33
33
33
33
33
33
34
34
34
34
34
34
34
34
34
34
34
34
34
34
34
34
34
34
34
34
34
34
34
34
34
34
34
34
34
34
34
34
34
34
35
35
35
35
35
35
35
35
35
35
35
35
35
35
35
35
35
35
35
35
35
35
35
35
35
35
35
35
35
35
35
35
35
35
35
35
36
36
36
36
36
36
36
36
36
36
36
36
36
36
36
36
36
36
36
36
36
36
36
36
36
36
36
36
36
36
36
37
37
37
37
37
37
37
37
37
37
37
37
37
37
37
37
37
37
37
37
37
37
37
37
37
37
37
37
37
37
38
38
38
38
38
38
38
38
38
38
38
38
38
38
38
38
38
38
38
38
38
38
38
38
38
38
38
38
38
38
38
38
38
38
38
38
39
39
39
39
39
39
39
39
39
39
39
39
39
39
39
39
39
39
39
39
39
39
39
39
39
39
39
39
40
40
40
40
40
40
40
40
40
40
40
40
40
40
40
40
40
40
40
40
40
40
40
40
40
40
40
40
40
40
40
40
40
40
40
40
40
40
40
40
40
40
41
41
41
41
41
41
41
41
41
41
41
41
41
41
41
41
41
41
41
41
41
41
41
41
41
41
41
41
41
41
42
42
42
42
42
42
42
42
42
42
42
42
42
42
42
42
42
42
42
42
42
42
42
42
42
42
42
42
42
42
42
42
42
42
43
43
43
43
43
43
43
43
43
43
43
43
43
43
43
43
43
43
43
43
43
43
43
43
43
43
43
43
43
43
43
43
43
43
43
43
43
44
44
44
44
44
44
44
44
44
44
44
44
44
44
44
44
44
44
44
44
44
44
44
44
44
44
44
45
45
45
45
45
45
45
45
45
45
45
45
45
45
45
45
45
45
45
45
45
45
45
45
45
45
45
45
46
46
46
46
46
46
46
46
46
46
46
46
46
46
46
46
46
46
46
46
46
46
46
46
46
46
46
46
46
47
47
47
47
47
47
47
47
47
47
47
47
47
47
47
47
47
47
47
47
47
47
47
47
47
47
47
48
48
48
48
48
48
48
48
48
48
48
48
48
48
48
48
48
49
49
49
49
49
49
49
49
49
49
49
49
49
49
49
49
49
49
49
49
49
49
49
49
49
49
49
49
49
49
49
49
50
50
50
50
50
50
50
50
50
50
50
50
50
50
50
50
50
50
51
51
51
51
51
51
51
51
51
51
51
51
51
51
51
51
51
51
51
51
51
51
51
51
51
51
51
51
51
51
51
51
51
51
51
51
52
52
52
52
52
52
52
52
52
52
52
52
52
52
52
52
52
52
52
52
52
52
52
52
52
53
53
53
53
53
53
53
53
53
53
53
53
53
53
53
53
53
53
53
53
53
53
53
53
53
53
53
53
54
54
54
54
54
54
54
54
54
54
54
54
54
54
54
54
54
54
54
55
55
55
55
55
55
55
55
55
55
55
55
55
55
55
55
55
55
55
55
55
55
55
55
55
55
56
56
56
56
56
56
56
56
56
56
56
56
56
56
56
56
56
56
56
56
56
56
56
56
57
57
57
57
57
57
57
57
57
57
57
57
57
57
57
57
58
58
58
58
58
58
58
58
58
58
58
58
58
58
58
58
58
58
58
58
58
58
58
58
58
58
58
59
59
59
59
59
59
59
59
59
59
59
59
59
59
60
60
60
60
60
60
60
60
60
60
60
60
60
60
60
60
61
61
61
61
61
61
61
61
61
61
61
61
61
61
61
61
61
61
61
61
61
61
61
62
62
62
62
62
62
62
62
62
62
62
62
62
62
62
62
62
62
62
62
62
62
63
63
63
63
63
63
63
63
63
63
63
63
63
63
63
63
63
63
63
63
63
64
64
64
64
64
64
64
64
64
64
64
64
64
64
64
64
64
65
65
65
65
65
65
65
65
65
65
65
65
65
65
66
66
66
66
66
67
67
67
67
67
67
67
67
67
67
67
67
67
67
67
67
68
68
68
68
68
68
68
68
68
68
68
68
69
69
69
69
69
69
69
69
69
69
69
69
69
70
70
70
70
70
70
70
70
70
70
70
71
71
71
71
71
71
71
71
71
71
71
71
71
71
71
72
72
72
72
72
72
72
73
73
73
73
73
73
73
73
73
73
73
73
74
74
75
75
75
75
75
75
75
76
76
76
76
76
76
76
76
76
76
76
76
76
77
77
77
77
77
77
77
78
78
78
78
78
78
78
78
78
78
78
79
79
79
79
79
79
79
79
80
80
80
80
80
80
80
80
80
80
81
81
81
81
81
81
81
81
81
81
81
81
81
81
81
82
82
82
82
82
82
82
82
83
83
83
84
84
84
84
84
84
84
84
84
84
85
85
85
85
85
85
85
85
85
85
85
85
85
85
85
85
86
86
86
86
86
86
87
87
87
87
87
87
87
87
87
88
88
88
88
88
88
88
88
88
88
88
89
89
89
89
89
89
89
90
90
90
90
90
90
90
91
91
91
92
92
92
92
92
92
92
92
92
92
93
93
93
93
93
93
93
94
94
94
94
94
95
96
97
97
97
97
97
97
97
98
98
98
98
98
98
98
98
99
99
99
99
99
99
99
100
100
100
100
100
100
100
100
100
100
100
100
100
100
100
101
101
101
101
101
101
101
101
101
101
101
101
102
102
102
102
102
103
103
103
103
103
103
104
104
104
104
104
104
105
105
105
105
105
105
106
106
106
106
106
106
106
107
107
107
107
107
107
107
107
107
107
107
107
108
109
109
109
109
109
109
110
110
110
110
111
111
111
111
111
111
112
112
112
112
112
112
112
113
113
113
113
113
114
114
114
114
114
114
114
114
114
115
115
115
115
116
116
117
117
117
117
118
118
118
118
118
118
118
119
119
120
120
120
120
120
120
120
120
121
121
121
121
121
121
121
121
122
123
123
123
123
123
123
123
124
124
124
124
124
124
124
125
125
126
127
127
129
129
129
130
130
130
130
131
131
131
131
132
132
133
133
133
133
134
134
134
134
134
135
135
136
136
136
136
137
137
137
137
138
138
139
139
139
140
140
140
140
140
140
140
141
141
142
142
142
142
144
145
145
145
145
146
146
147
147
148
148
148
148
149
150
151
151
151
151
152
152
152
152
153
153
153
153
153
153
154
154
155
156
156
156
156
157
157
157
157
157
157
158
158
158
158
159
159
159
159
160
160
160
161
161
161
162
162
162
162
162
163
163
163
163
163
163
163
164
164
164
164
164
165
165
165
166
166
167
167
167
167
167
168
168
168
168
169
169
170
170
170
171
172
173
173
173
174
174
175
175
175
176
177
177
178
178
178
178
178
179
179
179
180
180
180
180
181
181
181
182
182
183
183
184
184
184
184
185
185
187
188
188
188
188
188
189
189
189
190
190
190
190
190
190
191
192
192
193
194
194
194
195
195
196
196
197
197
197
198
200
200
200
200
200
200
201
202
203
203
205
206
206
207
207
208
208
208
209
209
209
210
210
211
211
211
211
211
212
212
213
216
216
217
217
218
218
222
222
222
222
223
223
224
224
224
226
226
227
228
230
231
231
231
233
233
234
235
235
236
236
236
237
237
238
240
242
242
242
243
243
247
247
247
247
248
248
249
249
250
252
252
254
254
254
254
254
255
256
257
258
259
260
260
261
261
261
262
262
263
264
266
266
267
269
270
270
270
271
271
272
272
273
273
273
274
275
276
276
276
277
277
279
279
279
280
280
281
281
281
281
281
283
283
283
283
284
285
285
286
286
288
288
288
289
291
292
292
292
293
294
295
295
295
296
296
298
298
299
299
299
299
300
300
300
300
300
300
300
300
300
300
300
300
300
300
301
301
301
301
301
301
301
301
301
301
301
301
301
301
301
301
301
302
302
302
302
302
302
302
302
302
303
303
303
303
303
303
303
303
303
303
303
304
304
304
304
304
304
304
304
304
304
304
304
304
304
304
304
305
305
305
305
305
306
306
306
306
306
306
306
306
306
306
306
306
306
307
307
307
307
307
307
307
307
307
307
307
307
308
308
308
308
308
308
308
308
308
308
308
308
308
309
309
309
309
309
309
309
309
309
309
309
309
309
309
309
309
309
310
310
310
310
310
310
310
310
310
310
310
310
310
310
310
310
311
311
311
311
311
311
311
311
311
311
311
311
311
311
311
312
312
312
312
312
312
312
312
313
313
313
313
313
313
313
313
313
313
313
313
313
313
314
314
314
314
314
314
314
314
314
314
314
314
314
314
314
314
314
315
315
315
315
315
315
315
315
315
315
315
315
315
315
315
316
316
316
316
316
316
316
316
316
316
316
316
316
316
317
317
317
317
317
317
317
317
317
317
317
317
317
317
317
317
317
317
317
318
318
318
318
318
318
318
318
318
318
318
318
318
318
318
318
318
318
318
319
319
319
319
319
319
319
319
319
319
319
319
319
320
320
320
320
320
320
320
320
320
320
320
320
320
320
320
320
321
321
321
321
321
321
321
321
322
322
322
322
322
322
322
322
322
322
322
322
322
322
322
322
323
323
323
323
323
323
323
323
323
323
323
323
323
323
323
323
323
323
323
324
324
324
324
324
324
324
324
324
324
324
324
324
324
325
325
325
325
325
325
325
325
325
325
325
325
325
326
326
326
326
326
326
326
326
326
326
326
326
326
326
326
326
327
327
327
327
327
327
327
327
327
327
327
327
327
327
327
327
327
327
328
328
328
328
328
328
328
328
328
328
328
328
329
329
329
329
329
329
329
329
329
329
329
329
329
329
330
330
330
330
330
330
330
330
330
330
330
330
330
330
330
330
330
330
330
330
330
330
330
330
330
330
330
330
330
330
331
331
331
331
331
331
331
331
331
331
331
331
331
331
331
332
332
332
332
332
332
332
332
332
332
332
332
332
332
332
332
332
332
332
332
332
332
332
333
333
333
333
333
333
333
333
333
333
333
333
333
333
333
333
333
333
334
334
334
334
334
334
334
334
334
334
334
334
334
335
335
335
335
335
335
335
335
335
335
335
335
335
335
335
335
335
335
336
336
336
336
336
336
336
336
336
336
336
336
336
336
336
336
336
336
336
336
336
336
336
336
336
337
337
337
337
337
337
337
337
337
337
337
337
337
337
337
337
337
337
337
337
337
338
338
338
338
338
338
338
338
338
338
338
338
338
338
338
339
339
339
339
339
339
339
339
339
339
339
339
339
339
339
339
339
339
340
340
340
340
340
340
340
340
340
340
340
340
340
340
340
340
340
340
340
340
340
340
340
340
340
341
341
341
341
341
341
341
341
341
341
341
341
341
341
341
341
341
341
341
341
341
341
342
342
342
342
342
342
342
342
342
342
342
342
342
342
342
342
342
342
342
342
342
342
343
343
343
343
343
343
343
343
343
343
343
343
343
343
343
343
343
343
343
343
344
344
344
344
344
344
344
344
344
344
344
344
344
344
344
344
344
344
344
345
345
345
345
345
345
345
345
345
345
345
345
345
345
345
346
346
346
346
346
346
346
346
346
346
346
346
346
346
346
346
346
346
346
346
346
346
346
346
347
347
347
347
347
347
347
347
347
347
347
347
347
347
347
347
348
348
348
348
348
348
348
348
348
348
348
348
348
348
348
348
348
348
348
348
348
349
349
349
349
349
349
349
349
349
349
349
349
349
349
350
350
350
350
350
350
350
350
350
350
350
350
350
350
350
350
350
350
350
350
350
350
350
351
351
351
351
351
351
351
351
351
351
351
351
351
351
351
351
351
351
351
351
351
351
351
351
351
351
352
352
352
352
352
352
352
352
352
352
352
352
352
352
352
352
352
352
352
352
352
352
352
353
353
353
353
353
353
353
353
353
353
353
353
353
353
353
353
353
353
353
353
353
353
353
353
354
354
354
354
354
354
354
354
354
354
354
354
354
354
354
354
354
354
354
354
354
354
354
354
354
354
354
354
354
354
354
354
355
355
355
355
355
355
355
355
355
355
355
355
355
355
355
355
355
355
355
355
355
356
356
356
356
356
356
356
356
356
356
356
356
356
356
356
356
356
356
356
356
356
356
356
356
356
356
356
356
356
356
356
356
357
357
357
357
357
357
357
357
357
357
357
357
357
357
357
357
357
357
357
357
357
357
357
357
357
357
357
358
358
358
358
358
358
358
358
358
358
358
358
358
358
358
358
358
358
358
358
358
358
358
358
358
358
358
358
358
358
358
358
358
358
358
358
359
359
359
359
359
359
359
359
359
359
359
359
359
359
359
359
359
359
359
359
359
359
359
359
359
359
359
359
359
359
359
359
359
359
359
359
359
359
359
360
360
360
360
360
360
360
360
360
360
360
360
360
360
360
360
360
360
360
360
360
360
360
360
360
360
360
360
360
360
360
360
360
360
360
360
360
360
360
361
361
361
361
361
361
361
361
361
361
361
361
361
361
361
361
361
361
361
361
361
361
361
361
361
361
361
361
361
361
361
361
362
362
362
362
362
362
362
362
362
362
362
362
362
362
362
362
362
362
362
362
362
362
362
362
362
362
362
362
362
362
362
362
363
363
363
363
363
363
363
363
363
363
363
363
363
363
363
363
363
363
363
363
363
363
363
363
363
363
363
363
363
363
363
363
363
363
363
363
363
363
363
363
363
363
363
363
363
363
363
363
363
363
364
364
364
364
364
364
364
364
364
364
364
364
364
364
364
364
364
364
364
364
364
364
364
364
364
364
364
364
364
364
364
364
364
364
364
364
364
364
364
364
365
365
365
365
365
365
365
365
365
365
365
365
365
365
365
365
365
365
365
365
365
365
365
365
365
365
365
365
365
365
365
365
365
365
365
365
365
365
365
365
365
365
365
366
366
366
366
366
366
366
366
366
366
366
366
366
366
366
366
366
366
366
366
366
366
366
366
366
366
366
366
366
366
366
366
366
366
366
366
366
366
367
367
367
367
367
367
367
367
367
367
367
367
367
367
367
367
367
367
367
367
367
367
367
367
367
367
367
367
367
367
367
367
367
367
367
367
367
367
367
367
367
367
367
367
367
367
367
367
367
367
367
367
367
367
367
367
367
367
368
368
368
368
368
368
368
368
368
368
368
368
368
368
368
368
368
368
368
368
368
368
368
368
368
368
368
368
368
368
368
368
368
368
368
368
368
368
368
368
368
369
369
369
369
369
369
369
369
369
369
369
369
369
369
369
369
369
369
369
369
369
369
369
369
369
369
369
369
369
369
369
369
369
369
369
369
369
369
369
369
369
369
369
370
370
370
370
370
370
370
370
370
370
370
370
370
370
370
370
370
370
370
370
370
370
370
370
370
370
370
370
370
370
370
370
370
370
370
370
370
370
370
370
370
371
371
371
371
371
371
371
371
371
371
371
371
371
371
371
371
371
371
371
371
371
371
371
371
371
371
371
371
371
371
371
371
371
371
371
371
371
371
371
371
371
371
371
372
372
372
372
372
372
372
372
372
372
372
372
372
372
372
372
372
372
372
372
372
372
372
372
372
372
372
372
372
372
372
372
372
373
373
373
373
373
373
373
373
373
373
373
373
373
373
373
373
373
373
373
373
373
373
373
373
373
373
373
373
373
373
373
373
373
373
373
373
373
373
373
373
374
374
374
374
374
374
374
374
374
374
374
374
374
374
374
374
374
374
374
374
374
374
374
374
374
374
374
374
374
374
374
374
375
375
375
375
375
375
375
375
375
375
375
375
375
375
375
375
375
375
375
375
375
375
375
375
375
375
375
375
375
375
375
375
375
375
375
375
375
375
375
375
376
376
376
376
376
376
376
376
376
376
376
376
376
376
376
376
376
376
376
376
376
376
376
376
376
376
376
376
376
376
376
376
376
376
376
376
376
376
377
377
377
377
377
377
377
377
377
377
377
377
377
377
377
377
377
377
377
377
377
377
377
377
377
377
377
377
378
378
378
378
378
378
378
378
378
378
378
378
378
378
378
378
378
378
378
378
378
378
378
378
378
378
378
378
378
379
379
379
379
379
379
379
379
379
379
379
379
379
379
379
379
379
379
379
379
379
379
379
379
379
379
379
379
379
379
380
380
380
380
380
380
380
380
380
380
380
380
380
380
380
380
380
380
380
380
380
380
380
380
380
380
380
380
380
381
381
381
381
381
381
381
381
381
381
381
381
381
381
381
381
381
381
381
381
381
381
381
381
381
381
381
381
381
381
381
381
381
381
381
381
381
381
381
381
381
381
382
382
382
382
382
382
382
382
382
382
382
382
382
382
382
382
382
382
382
382
382
382
382
382
382
382
382
382
382
382
382
382
382
382
383
383
383
383
383
383
383
383
383
383
383
383
383
383
383
383
383
383
383
383
383
383
383
383
383
383
383
383
383
383
383
383
383
383
383
383
383
383
383
384
384
384
384
384
384
384
384
384
384
384
384
384
384
384
384
384
384
384
384
384
384
384
384
384
384
384
384
384
384
385
385
385
385
385
385
385
385
385
385
385
385
385
385
385
385
385
385
385
385
385
385
385
385
385
385
385
385
385
385
385
385
386
386
386
386
386
386
386
386
386
386
386
386
386
386
386
386
386
386
386
386
386
386
386
387
387
387
387
387
387
387
387
387
387
387
387
387
387
387
387
387
387
387
387
387
387
387
387
387
387
387
387
387
387
387
387
387
387
388
388
388
388
388
388
388
388
388
388
388
388
388
388
388
388
388
388
388
388
388
388
388
388
389
389
389
389
389
389
389
389
389
389
389
389
389
389
389
389
389
389
389
389
389
389
389
389
389
389
389
389
389
389
389
389
390
390
390
390
390
390
390
390
390
390
390
390
390
390
390
390
390
390
390
390
390
390
390
390
390
390
390
390
390
390
390
390
390
390
390
391
391
391
391
391
391
391
391
391
391
391
391
391
391
391
391
391
391
391
391
391
391
391
392
392
392
392
392
392
392
392
392
392
392
392
392
392
392
392
392
392
392
392
392
392
392
392
392
392
393
393
393
393
393
393
393
393
393
393
393
393
393
393
393
393
393
393
393
393
393
393
393
393
393
393
393
394
394
394
394
394
394
394
394
394
394
394
394
394
394
394
394
394
394
394
394
394
394
394
394
395
395
395
395
395
395
395
395
395
395
395
395
395
395
395
395
395
395
395
395
395
395
395
395
395
395
395
395
396
396
396
396
396
396
396
396
396
396
396
396
396
396
396
396
397
397
397
397
397
397
397
397
397
397
397
397
397
397
397
397
397
397
398
398
398
398
398
398
398
398
398
398
398
398
398
398
398
398
398
398
399
399
399
399
399
399
399
399
399
399
399
399
399
399
399
399
399
399
400
400
400
400
400
400
400
400
400
400
400
400
400
400
400
400
400
400
401
401
401
401
401
401
401
401
401
401
401
401
401
402
402
402
402
402
402
402
402
402
402
402
402
402
403
403
403
403
403
403
403
403
403
403
403
403
403
403
403
403
403
403
404
404
404
404
404
404
404
404
404
404
404
404
404
404
404
404
405
405
405
405
405
405
405
405
405
405
405
405
405
405
405
406
406
406
406
406
406
406
406
406
406
406
406
406
406
406
406
406
406
407
407
407
407
407
407
407
407
407
407
407
407
407
407
407
407
407
407
407
407
407
407
408
408
408
408
408
408
408
408
408
408
408
408
408
408
408
409
409
409
409
409
409
409
409
410
410
410
410
410
410
410
410
410
410
410
410
410
410
410
411
411
411
411
411
411
411
411
411
411
411
411
411
411
411
411
411
411
411
412
412
412
412
412
412
412
412
412
412
412
412
412
412
413
413
413
413
413
413
413
413
413
413
413
413
414
414
414
414
414
414
414
414
414
414
414
414
414
414
414
414
414
415
415
415
415
415
415
415
415
415
416
416
416
416
416
416
416
416
416
417
417
417
417
417
417
417
417
417
418
418
418
418
418
418
418
418
419
419
419
419
419
419
419
420
420
420
420
420
420
421
421
421
421
421
421
421
421
422
422
422
422
422
422
422
422
423
423
423
423
423
423
424
424
425
425
425
425
425
425
426
426
426
426
426
426
426
427
427
427
428
428
428
428
428
429
429
429
429
429
429
429
429
430
430
430
430
430
430
430
430
431
431
431
432
432
432
432
433
433
433
434
434
434
434
435
435
436
436
436
436
436
438
439
439
440
440
440
440
441
442
442
443
443
444
445
445
446
446
447
447
447
447
448
448
449
449
450
450
450
451
451
451
452
452
452
454
455
455
455
455
456
457
457
457
457
457
458
458
458
459
459
460
460
460
461
462
462
462
463
463
464
466
467
468
468
469
469
469
469
470
470
471
472
472
472
472
473
473
474
474
475
476
477
477
478
479
479
479
480
480
481
482
482
483
483
483
484
484
484
485
485
485
486
486
486
488
488
490
490
491
492
493
494
495
496
497
497
497
498
498
498
499
500
502
502
502
503
503
504
504
504
504
507
508
510
510
511
512
512
512
512
513
514
515
515
515
518
519
520
521
523
526
527
528
529
531
534
534
534
534
534
535
535
535
536
536
536
537
538
538
539
540
541
542
542
544
544
545
545
546
547
550
550
550
553
554
554
555
557
558
559
559
559
560
561
562
563
563
563
566
566
566
567
568
568
570
571
573
574
574
579
579
580
582
583
583
583
585
585
586
586
587
587
590
591
593
593
594
594
595
595
597
597
598
599
599
601
601
604
605
605
606
606
607
608
608
609
610
611
613
614
615
616
617
617
618
622
622
623
624
625
627
628
628
630
630
631
631
634
635
635
640
642
643
643
643
645
646
647
647
648
648
649
650
650
651
651
652
653
653
654
655
655
655
657
658
658
661
661
661
661
663
664
664
664
664
665
667
667
668
668
669
672
672
674
675
675
675
676
676
679
680
681
681
682
682
684
686
689
689
689
690
690
690
690
691
691
693
694
694
695
696
697
699
701
701
703
703
705
705
705
705
706
710
712
712
714
714
715
716
719
723
724
724
725
727
727
731
732
734
735
738
738
745
745
747
748
750
751
751
751
754
755
757
757
758
760
760
761
763
763
764
767
769
769
769
771
774
776
776
776
777
779
779
781
786
786
787
790
790
794
794
795
795
796
801
804
806
809
810
810
811
812
814
815
816
817
819
819
820
821
822
823
826
827
830
831
832
834
834
834
834
837
838
840
840
840
841
842
842
843
844
845
846
847
847
848
849
850
851
851
851
853
854
854
854
855
856
860
862
863
863
863
863
865
866
866
870
873
874
874
874
875
877
878
881
882
883
883
883
885
887
889
890
891
892
893
893
899
902
903
905
906
906
906
906
907
907
908
909
911
911
912
913
913
914
914
914
917
917
917
919
920
923
927
928
930
932
932
933
934
935
935
936
937
938
940
940
941
941
943
944
946
949
949
949
951
952
952
953
954
955
958
958
959
960
961
961
962
962
963
964
964
966
966
967
967
967
968
968
969
969
969
970
970
970
970
971
971
972
973
974
976
976
976
977
977
981
981
982
982
983
984
985
985
985
985
986
987
988
988
989
989
990
993
996
997
998
998
1001
1001
1001
1002
1002
1003
1003
1004
1004
1005
1006
1006
1006
1007
1008
1011
1013
1015
1015
1016
1017
1018
1019
1020
1022
1022
1026
1027
1028
1030
1030
1032
1032
1033
1035
1036
1037
1037
1038
1038
1038
1039
1039
1040
1042
1043
1043
1045
1047
1051
1053
1055
1055
1056
1059
1060
1062
1066
1067
1069
1070
1071
1074
1074
1075
1076
1079
1081
1081
1082
1084
1087
1088
1089
1089
1090
1091
1091
1093
1094
1094
1095
1096
1096
1096
1096
1097
1097
1097
1097
1098
1098
1098
1100
1103
1106
1106
1106
1107
1110
1111
1112
1113
1114
1114
1115
1115
1116
1117
1120
1122
1122
1122
1123
1126
1127
1127
1128
1129
1130
1132
1132
1133
1133
1133
1134
1135
1137
1138
1138
1139
1140
1141
1142
1142
1142
1142
1144
1145
1145
1145
1145
1146
1151
1152
1152
1152
1154
1156
1156
1157
1157
1157
1158
1160
1161
1161
1163
1164
1164
1165
1166
1166
1166
1170
1170
1170
1171
1171
1171
1173
1174
1175
1176
1176
1177
1177
1177
1178
1179
1179
1180
1181
1181
1182
1182
1183
1184
1184
1185
1187
1188
1189
1190
1192
1192
1197
1197
1200
1203
1203
1203
1204
1206
1206
1206
1207
1207
1208
1209
1211
1211
1212
1213
1216
1218
1218
1218
1218
1220
1220
1220
1221
1222
1226
1227
1229
1230
1234
1236
1238
1245
1248
1248
1248
1249
1250
1251
1252
1252
1254
1256
1256
1256
1256
1257
1259
1260
1260
1261
1263
1264
1264
1266
1267
1267
1268
1268
1271
1271
1272
1275
1275
1277
1277
1278
1278
1278
1278
1280
1282
1283
1284
1284
1285
1289
1289
1290
1292
1292
1294
1295
1295
1297
1298
1298
1300
1305
1305
1306
1306
1306
1307
1311
1313
1315
1316
1316
1316
1317
1318
1321
1322
1323
1326
1327
1328
1330
1330
1333
1333
1334
1337
1337
1339
1339
1340
1344
1345
1347
1347
1353
1356
1357
1357
1359
1365
1368
1370
1370
1371
1372
1372
1375
1375
1376
1376
1377
1377
1378
1384
1384
1384
1386
1389
1394
1396
1396
1399
1399
1400
1401
1402
1403
1404
1405
1406
1408
1412
1418
1419
1422
1425
1425
1427
1430
1431
1431
1435
1435
1436
1438
1444
1444
1448
1448
1452
1453
1453
1456
1456
1456
1457
1458
1458
1460
1466
1469
1470
1473
1482
1482
1483
1484
1485
1485
1486
1487
1488
1491
1494
1495
1498
1498
1498
1501
1502
1502
1503
1504
1507
1509
1510
1513
1514
1514
1519
1519
1520
1520
1523
1528
1529
1530
1530
1531
1539
1542
1549
1551
1555
1561
1564
1564
1565
1567
1568
1570
1571
1574
1577
1579
1581
1584
1585
1586
1587
1588
1589
1592
1595
1596
1602
1607
1607
1607
1612
1614
1615
1616
1619
1619
1622
1623
1626
1627
1632
1632
1633
1633
1634
1637
1646
1648
1650
1651
1655
1656
1656
1657
1661
1661
1662
1664
1666
1666
1670
1670
1674
1675
1678
1678
1678
1679
1679
1681
1682
1682
1682
1683
1683
1684
1684
1687
1691
1693
1694
1696
1698
1699
1700
1700
1701
1705
1705
1705
1706
1709
1710
1711
1711
1712
1713
1713
1715
1716
1717
1719
1720
1720
1722
1723
1726
1728
1730
1730
1731
1731
1737
1739
1739
1747
1754
1757
1757
1757
1758
1759
1760
1764
1764
1765
1767
1770
1770
1771
1775
1780
1785
1786
1790
1792
1792
1794
1795
1802
1804
1805
1807
1808
1810
1811
1816
1819
1823
1826
1827
1830
1831
1833
1834
1835
1835
1837
1841
1841
1842
1842
1845
1846
1846
1849
1852
1852
1859
1862
1863
1866
1866
1867
1868
1868
1869
1869
1876
1880
1880
1882
1891
1905
1907
1908
1911
1912
1914
1923
1927
1932
1936
1936
1936
1937
1937
1938
1941
1944
1946
1948
1950
1950
1956
1965
1966
1966
1967
1970
1972
1974
1977
1979
1981
1982
1983
1984
1985
1985
1986
1990
1992
1999
2000
2000
2001
2002
2002
2005
2007
2008
2010
2011
2012
2014
2016
2018
2019
2021
2024
2029
2029
2031
2031
2037
2038
2044
2047
2050
2052
2053
2054
2056
2057
2068
2069
2070
2077
2077
2081
2082
2082
2084
2086
2090
2090
2092
2093
2094
2096
2097
2098
2099
2100
2103
2105
2106
2115
2117
2118
2121
2122
2128
2130
2131
2137
2138
2138
2142
2145
2145
2147
2149
2154
2162
2162
2162
2164
2165
2165
2166
2168
2172
2173
2178
2181
2184
2188
2192
2193
2194
2195
2205
2211
2213
2216
2218
2219
2219
2226
2232
2240
2245
2247
2247
2248
2252
2254
2255
2255
2256
2256
2256
2258
2260
2261
2261
2261
2262
2262
2264
2264
2265
2265
2266
2266
2268
2269
2271
2278
2278
2278
2280
2282
2282
2282
2282
2286
2287
2290
2292
2295
2296
2297
2298
2299
2301
2304
2305
2306
2310
2311
2311
2312
2313
2318
2321
2323
2323
2325
2329
2329
2330
2331
2333
2333
2334
2341
2342
2347
2347
2348
2352
2356
2361
2364
2368
2370
2372
2374
2374
2375
2377
2377
2377
2387
2396
2397
2398
2399
2402
2402
2407
2409
2410
2416
2418
2419
2425
2432
2435
2445
2449
2451
2453
2458
2460
2468
2468
2469
2470
2474
2475
2475
2480
2483
2485
2489
2492
2493
2499
2501
2506
2510
2524
2525
2527
2530
2532
2541
2545
2548
2549
2554
2554
2557
2561
2562
2562
2563
2564
2570
2570
2571
2571
2571
2572
2579
2582
2583
2588
2589
2589
2590
2592
2598
2604
2610
2614
2618
2624
2626
2628
2628
2629
2630
2630
2632
2633
2633
2634
2635
2635
2638
2640
2642
2642
2645
2649
2651
2658
2659
2660
2661
2662
2663
2664
2667
2668
2673
2674
2674
2678
2682
2683
2684
2684
2684
2686
2691
2691
2698
2710
2710
2721
2722
2725
2726
2727
2728
2735
2743
2753
2756
2757
2758
2762
2762
2771
2774
2790
2799
2800
2806
2807
2809
2810
2812
2833
2836
2839
2840
2841
2841
2847
2852
2854
2856
2857
2857
2858
2859
2860
2864
2867
2870
2875
2875
2880
2883
2885
2888
2890
2892
2893
2898
2900
2902
2903
2908
2911
2913
2916
2922
2925
2927
2935
2940
2947
2949
2954
2955
2955
2957
2957
2959
2968
2972
2975
2975
2978
2979
2981
2983
2984
2986
2997
3009
3009
3015
3017
3019
3022
3023
3026
3027
3030
3032
3036
3037
3038
3040
3041
3042
3044
3050
3052
3058
3059
3060
3062
3066
3070
3073
3075
3075
3078
3083
3086
3102
3108
3122
3125
3128
3131
3133
3137
3140
3141
3143
3144
3144
3148
3152
3155
3157
3165
3166
3167
3168
3170
3171
3178
3186
3187
3191
3192
3194
3197
3197
3198
3202
3204
3209
3212
3212
3217
3218
3221
3222
3227
3227
3228
3230
3232
3234
3238
3242
3244
3247
3255
3266
3266
3268
3268
3268
3274
3277
3281
3283
3284
3284
3285
3288
3290
3292
3292
3297
3299
3305
3314
3315
3317
3319
3323
3323
3335
3342
3343
3345
3354
3355
3356
3362
3365
3372
3375
3379
3386
3387
3391
3407
3410
3411
3419
3419
3423
3430
3431
3432
3433
3470
3487
3492
3494
3511
3513
3516
3522
3529
3529
3532
3539
3542
3542
3545
3547
3548
3550
3551
3557
3561
3562
3562
3563
3568
3569
3575
3576
3589
3589
3592
3595
3601
3623
3624
3629
3631
3635
3635
3640
3641
3642
3642
3645
3646
3646
3655
3656
3660
3661
3670
3675
3678
3680
3682
3683
3686
3689
3691
3695
3703
3705
3706
3710
3715
3718
3724
3729
3737
3755
3761
3763
3765
3766
3770
3774
3777
3780
3781
3782
3786
3790
3792
3797
3799
3803
3805
3812
3827
3830
3830
3833
3833
3835
3840
3841
3846
3846
3849
3852
3853
3862
3865
3868
3869
3873
3877
3880
3882
3890
3891
3892
3895
3896
3898
3900
3901
3903
3903
3903
3910
3913
3918
3920
3932
3935
3938
3939
3939
3944
3949
3951
3952
3953
3954
3959
3964
3965
3967
3971
3978
3980
3981
3983
3989
4001
4006
4006
4014
4016
4020
4041
4043
4050
4060
4070
4079
4082
4094
4095
4099
4102
4102
4107
4114
4115
4116
4128
4128
4133
4134
4140
4142
4146
4154
4155
4159
4164
4174
4185
4198
4202
4207
4209
4211
4213
4226
4234
4234
4242
4251
4253
4253
4254
4256
4263
4279
4283
4305
4310
4312
4315
4316
4318
4319
4325
4326
4332
4336
4337
4339
4341
4341
4342
4343
4353
4354
4358
4360
4362
4364
4366
4366
4372
4375
4375
4376
4377
4380
4391
4397
4406
4419
4429
4438
4440
4441
4449
4456
4458
4462
4473
4476
4494
4502
4502
4512
4520
4520
4524
4524
4541
4543
4548
4551
4560
4569
4571
4583
4585
4589
4606
4611
4614
4618
4618
4619
4631
4639
4640
4641
4641
4649
4652
4657
4660
4663
4666
4671
4671
4679
4682
4687
4692
4700
4703
4710
4711
4717
4723
4727
4727
4728
4732
4732
4741
4741
4744
4750
4752
4753
4765
4765
4766
4767
4776
4783
4783
4788
4791
4791
4791
4793
4797
4802
4806
4807
4812
4816
4818
4823
4846
4848
4849
4849
4853
4854
4865
4866
4879
4881
4883
4884
4884
4903
4903
4904
4905
4911
4912
4913
4915
4916
4916
4919
4920
4925
4926
4927
4931
4933
4937
4939
4939
4939
4939
4944
4949
4950
4955
4961
4967
4972
4975
4977
4978
4978
4984
4984
4986
4989
4993
4995
5002
5002
5010
5012
5025
5026
5028
5028
5029
5029
5031
5047
5051
5055
5062
5065
5065
5075
5079
5082
5087
5093
5094
5097
5098
5098
5099
5100
5111
5113
5118
5120
5143
5144
5151
5178
5194
5194
5199
5200
5206
5215
5219
5220
5220
5226
5226
5231
5248
5249
5252
5260
5265
5269
5270
5272
5277
5286
5287
5289
5294
5300
5304
5306
5316
5325
5332
5340
5342
5346
5365
5374
5374
5377
5379
5383
5384
5386
5392
5393
5396
5398
5399
5400
5402
5402
5403
5403
5403
5404
5406
5407
5418
5419
5419
5435
5446
5447
5449
5451
5455
5463
5475
5489
5490
5491
5504
5508
5509
5509
5513
5522
5523
5529
5529
5530
5531
5531
5531
5533
5533
5533
5536
5536
5538
5542
5549
5556
5576
5582
5593
5599
5615
5619
5621
5627
5629
5629
5629
5630
5646
5646
5670
5674
5707
5713
5736
5737
5738
5740
5745
5751
5752
5755
5762
5764
5779
5786
5786
5788
5816
5827
5828
5835
5842
5853
5858
5873
5877
5883
5905
5908
5911
5914
5922
5957
5961
5962
5963
5965
5966
5977
5980
5985
5986
5991
5994
6000
6012
6023
6029
6030
6030
6075
6078
6078
6083
6083
6084
6087
6089
6092
6113
6123
6126
6127
6127
6134
6144
6147
6163
6167
6189
6196
6198
6200
6205
6206
6209
6211
6214
6214
6214
6215
6225
6226
6228
6230
6231
6240
6240
6255
6281
6287
6288
6300
6304
6328
6331
6332
6341
6348
6354
6364
6380
6383
6385
6390
6391
6396
6406
6412
6419
6434
6434
6438
6444
6451
6469
6480
6491
6492
6492
6492
6498
6503
6505
6508
6509
6533
6552
6553
6558
6564
6568
6569
6573
6574
6578
6582
6584
6588
6594
6600
6601
6603
6604
6608
6610
6630
6657
6679
6687
6693
6720
6753
6760
6768
6769
6792
6794
6809
6814
6829
6829
6838
6847
6859
6866
6876
6882
6892
6894
6913
6916
6918
6926
6928
6932
6935
6936
6943
6949
6960
6961
6963
6964
6967
6989
6991
6997
7004
7013
7066
7075
7081
7091
7092
7113
7116
7120
7128
7133
7140
7154
7154
7159
7172
7176
7187
7190
7200
7205
7211
7224
7224
7227
7253
7272
7272
7278
7282
7287
7297
7306
7324
7334
7340
7349
7357
7370
7382
7386
7387
7398
7434
7439
7443
7471
7478
7479
7554
7562
7572
7572
7581
7586
7596
7607
7608
7617
7620
7622
7624
7624
7630
7641
7648
7655
7672
7672
7685
7687
7697
7712
7726
7729
7736
7752
7770
7780
7780
7780
7786
7795
7796
7801
7822
7832
7834
7848
7871
7883
7885
7891
7904
7909
7911
7934
7949
7973
7980
7986
8016
8039
8041
8062
8068
8095
8117
8123
8149
8151
8155
8164
8169
8182
8187
8201
8211
8216
8227
8255
8269
8278
8312
8314
8315
8321
8322
8331
8339
8350
8357
8359
8371
8458
8477
8478
8481
8482
8483
8483
8485
8503
8518
8551
8552
8557
8561
8568
8568
8575
8576
8594
8612
8623
8623
8628
8639
8644
8654
8657
8701
8711
8718
8723
8729
8735
8774
8782
8812
8818
8880
8905
8914
8925
8928
8944
8962
8968
8995
9000
9007
9009
9024
9030
9040
9071
9079
9084
9087
9095
9099
9100
9100
9108
9125
9138
9138
9155
9156
9168
9176
9178
9185
9191
9201
9213
9228
9240
9244
9248
9253
9253
9253
9254
9256
9262
9263
9268
9268
9269
9271
9271
9274
9278
9279
9286
9286
9289
9290
9290
9298
9300
9302
9304
9307
9308
9314
9316
9317
9317
9318
9318
9323
9324
9325
9326
9328
9330
9333
9334
9337
9341
9341
9345
9361
9362
9364
9370
9372
9383
9385
9389
9392
9409
9417
9423
9429
9431
9432
9432
9456
9463
9465
9467
9471
9479
9503
9507
9515
9539
9544
9555
9558
9559
9564
9575
9599
9608
9615
9618
9619
9643
9645
9660
9675
9679
9687
9692
9693
9698
9701
9703
9704
9704
9710
9716
9717
9725
9727
9727
9728
9732
9735
9739
9742
9744
9747
9757
9758
9761
9761
9764
9764
9768
9768
9769
9769
9770
9776
9777
9780
9783
9783
9784
9786
9790
9795
9801
9801
9808
9811
9813
9819
9825
9826
9827
9836
9842
9846
9851
9857
9864
9869
9874
9876
9893
9895
9899
9962
9996
9996
10006
10048
10053
10058
10066
10070
10071
10082
10082
10085
10093
10094
10116
10137
10154
10162
10166
10190
10198
10235
10258
10308
10313
10327
10334
10342
10374
10376
10389
10411
10427
10435
10438
10442
10450
10506
10508
10516
10551
10564
10602
10640
10642
10646
10652
10660
10663
10682
10687
10690
10696
10729
10735
10749
10778
10791
10794
10798
10800
10801
10811
10818
10827
10840
10842
10852
10864
10869
10886
10892
10904
10908
10930
10948
10974
10982
11014
11022
11023
11043
11047
11050
11076
11110
11116
11143
11171
11181
11184
11253
11256
11265
11307
11359
11376
11385
11407
11426
11456
11462
11502
11507
11511
11539
11550
11564
11584
11592
11606
11609
11613
11613
11620
11622
11624
11636
11636
11637
11678
11693
11713
11734
11785
11824
11844
11859
11860
11866
11913
11921
11950
11953
11960
11960
11968
11970
12001
12029
12031
12036
12047
12077
12164
12212
12224
12225
12296
12303
12387
12390
12399
12412
12424
12432
12437
12547
12557
12589
12625
12665
12674
12692
12707
12744
12746
12760
12778
12806
12825
12868
12890
12896
12932
12965
13005
13013
13028
13099
13100
13109
13110
13124
13126
13129
13134
13193
13198
13212
13245
13259
13271
13279
13332
13360
13376
13498
13528
13548
13550
13575
13582
13613
13627
13656
13664
13697
13697
13811
13827
13852
13874
13879
13902
14002
14047
14070
14091
14105
14127
14172
14189
14213
14235
14289
14308
14309
14324
14393
14427
14431
14485
14503
14518
14559
14562
14616
14644
14652
14653
14670
14763
14771
14783
14794
14836
14857
14860
14861
14873
14967
14969
14992
14993
15006
15011
15018
15067
15073
15083
15094
15094
15095
15108
15118
15154
15158
15171
15239
15243
15262
15313
15317
15376
15382
15442
15472
15485
15491
15495
15513
15521
15531
15533
15579
15649
15666
15682
15793
15802
15820
15836
15869
15891
15908
15917
15928
15934
15935
15944
15965
15971
16004
16027
16033
16050
16065
16082
16089
16099
16109
16110
16119
16128
16133
16202
16212
16231
16274
16290
16303
16307
16325
16331
16339
16380
16397
16413
16419
16420
16456
16557
16568
16626
16649
16758
16765
16788
16832
16850
16880
16882
16892
16897
16954
16956
16985
17000
17001
17010
17025
17027
17051
17054
17092
17112
17158
17159
17185
17186
17207
17212
17235
17280
17298
17303
17308
17313
17314
17315
17321
17322
17341
17350
17351
17357
17370
17388
17397
17409
17454
17490
17495
17507
17529
17558
17558
17579
17611
17641
17656
17657
17682
17687
17709
17730
17748
17768
17782
17788
17803
17859
17887
17895
17946
17951
17958
17975
18002
18015
18039
18051
18052
18055
18088
18088
18101
18114
18119
18152
18170
18210
18226
18258
18259
18318
18341
18372
18428
18443
18458
18471
18478
18481
18490
18495
18535
18552
18555
18559
18564
18586
18595
18618
18627
18641
18658
18671
18722
18777
18880
18904
18928
18928
18928
18942
18956
18964
18977
19002
19011
19023
19037
19057
19088
19107
19110
19110
19173
19177
19184
19197
19226
19237
19250
19284
19331
19340
19391
19407
19418
19457
19470
19473
19485
19506
19507
19508
19514
19519
19530
19530
19540
19570
19578
19587
19603
19605
19670
19674
19686
19694
19697
19709
19749
19749
19769
19769
19773
19777
19825
19834
19841
19853
19856
19887
19887
19907
19913
19935
19938
19950
19967
19997
20003
20008
20022
20026
20027
20059
20062
20065
20078
20085
20097
20123
20124
20127
20130
20131
20135
20149
20158
20176
20178
20179
20220
20234
20237
20239
20297
20357
20375
20393
20401
20418
20429
20436
20445
20447
20461
20471
20477
20480
20502
20542
20557
20562
20570
20575
20575
20693
20729
20740
20762
20832
20837
20841
20854
20856
20901
20934
21008
21012
21055
21072
21142
21158
21213
21230
21242
21316
21337
21341
21341
21354
21364
21367
21391
21408
21422
21427
21472
21573
21577
21613
21642
21754
21758
21760
21773
21788
21791
21804
21854
21864
21870
21928
22067
22083
22182
22196
22208
22251
22262
22285
22290
22296
22342
22357
22404
22415
22415
22424
22453
22454
22472
22518
22519
22549
22572
22597
22662
22673
22686
22703
22712
22753
22757
22759
22765
22789
22809
22849
22852
22871
22887
22955
22981
23062
23067
23070
23099
23104
23120
23145
23161
23165
23166
23243
23256
23335
23356
23370
23388
23583
23672
23675
23680
23734
23771
23791
23806
23831
23867
23870
23942
23957
23958
23975
24129
24187
24202
24206
24221
24242
24256
24308
24345
24458
24464
24475
24495
24499
24505
24595
24613
24638
24645
24714
24729
24756
24765
24774
24833
24848
24881
24929
24990
24993
24995
25002
25007
25033
25040
25069
25185
25225
25233
25311
25316
25321
25325
25351
25465
25479
25587
25592
25614
25616
25666
25730
25732
25786
25832
25910
25984
26013
26060
26167
26207
26211
26216
26222
26249
26262
26268
26271
26273
26316
26342
26431
26497
26510
26559
26633
26791
26852
26871
26896
26952
26955
26973
27009
27021
27023
27091
27121
27133
27158
27194
27264
27327
27351
27425
27529
27550
27575
27619
27625
27684
27742
27814
27834
27841
27885
27902
27910
27959
27972
28035
28042
28122
28128
28134
28169
28181
28227
28279
28290
28357
28419
28444
28488
28511
28671
28686
28804
28811
28826
28844
28861
29053
29055
29184
29202
29214
29249
29290
29394
29416
29444
29449
29525
29611
29616
29619
29622
29635
29655
29684
29712
29784
29799
29915
30043
30048
30113
30129
30147
30177
30211
30222
30305
30309
30377
30397
30442
30570
30735
30752
30762
30764
30786
30814
30815
30830
30852
30997
31077
31098
31122
31143
31209
31210
31238
31307
31333
31380
31407
31420
31449
31517
31523
31528
31697
31705
31722
31734
31768
31814
31823
31847
31934
32029
32033
32219
32321
32339
32367
32458
32522
32538
32543
32608
32665
32800
32912
33056
33091
33113
33117
33136
33173
33217
33239
33239
33301
33308
33335
33442
33602
33647
33976
33978
34036
34040
34110
34118
34192
34313
34373
34373
34375
34518
34531
34564
34565
34690
34712
34772
34791
34796
34814
34873
35034
35090
35179
35192
35246
35376
35388
35432
35478
35559
35754
35777
35852
35863
35923
35998
36049
36070
36137
36162
36186
36223
36333
36382
36400
36510
36577
36607
36668
36710
36718
36802
37004
37118
37122
37169
37193
37259
37401
37464
37583
37588
37602
37679
38044
38170
38178
38203
38552
38617
38745
38839
38842
38964
39022
39121
39190
39198
39210
39306
39312
39341
39362
39367
39370
39495
39697
39750
40001
40032
40140
40183
40188
40190
40245
40272
40297
40422
40565
40659
40721
40829
40930
41097
41130
41151
41327
41412
41793
41864
41901
41982
42191
42475
42518
42566
42621
42685
42692
42923
42969
43076
43247
43382
43454
43488
43547
43653
43664
43667
43738
43863
43872
43946
44013
44021
44081
44293
44340
44379
44623
44632
44774
44933
45100
45128
45348
45637
45731
45789
46148
46170
46220
46301
46308
46358
46493
46569
46625
46704
46735
46815
46876
46974
47098
47196
47223
47505
47580
47597
47648
47886
48108
48158
48210
48271
48293
48327
48348
48365
48631
48666
48707
48785
48809
48873
48959
49018
49092
49122
49148
49175
49358
49404
49501
49718
49760
49790
49886
50195
50238
50247
50307
50531
50534
50546
50591
50917
50949
50979
51158
51168
51194
51360
51366
51383
51890
51988
52030
52054
52123
52175
52433
52446
52832
52908
52964
53179
53398
53441
53480
53512
53855
53912
54044
54125
54289
54821
54876
55168
55409
55433
55810
55841
55856
55893
56145
56307
56517
56760
56802
56838
56900
56914
57325
57530
57553
57968
58043
58108
58429
58501
58560
58572
58815
59208
59995
60079
60530
60591
60771
60906
61090
61446
61970
62394
62937
63041
63666
63997
64130
64219
64291
64550
64715
65525
65526
65789
65889
66153
66272
66591
66624
66651
66705
66725
66812
66863
66956
67017
67037
67200
67496
67510
67522
67648
67676
68042
68092
68276
68327
68390
69255
69717
70025
70080
70083
70145
70159
71015
71937
72212
72391
72409
72578
72916
72962
73566
73629
73661
73690
74279
74717
75066
75218
75238
75297
75722
76129
76363
76486
76554
76916
77166
77468
77581
77665
77806
78422
78915
79208
79706
79755
80275
80567
80625
80635
81068
81791
82457
82582
82738
82742
82748
83395
83462
83564
83597
83811
83858
83921
84107
84183
84218
84479
84820
85098
85395
85569
85911
86537
87138
87253
87734
87812
87995
88056
88652
88800
88909
89170
90581
90645
91419
92052
92110
92550
92599
93140
94196
96360
96505
98416
100401
100766
101900
104894
105096
105220
105464
105509
105660
106854
107382
108450
109158
110012
110041
111275
111354
112265
112796
114014
114292
114943
115642
116038
116329
116468
116566
117679
118081
118803
119478
119646
120170
120199
120671
120726
120752
121155
121346
121702
122434
122613
123154
123512
123540
124206
124591
125637
125774
126015
126387
128678
128689
128874
128980
129089
129114
129328
129659
130491
130634
131011
132272
132471
135448
136761
137177
138541
139765
139829
141486
142102
143453
145185
145460
146607
147928
149188
150937
152414
153665
153743
154433
156308
157110
157348
157527
157720
158593
158760
160434
161772
162026
162613
168129
168900
171297
173182
173681
174976
175407
180904
189238
190441
190999
191086
192113
192178
192980
193143
194617
196053
197724
197768
201468
202847
203626
204781
206324
207138
207628
211878
212326
213066
215961
221019
221609
224013
227252
227755
229513
230157
231187
232163
232473
232698
235576
236288
237139
240742
241740
242897
243694
279843
280057
280922
281024
285213
288346
290923
291268
291749
292882
297540
301916
309318
317411
319187
319783
336634
341500
347592
350754
352976
358592
371345
371368
373060
374582
375262
376655
380151
380893
381627
395691
396477
396556
409623
431515
436970
437015
439803
451674
459339
473119
475483
486926
489985
508422
514018
516321
526195
543786
553243
560422
571022
580381
581387
594878
707041
758010
789575
796152
824918
826062
836728
842871
857319
870862
948017
978114
994254
1019376
1019413
1022529
1053566
1056683
1124563
1129336
1227420
1230488
1257328
1393970
1424398
1432316
1439113
1443326
1486557
1676713
1745239
1791324
1796442
1817349
1851859
1913275
1929406
1943444
1971822
1999983
2031576
2040908
2083437
2120562
2140133
2256429
2258733
2300836
2329438
2339568
2377419
2384050
2391687
2396247
2444093
2558427
2592220
2719093
2748455
2771486
2774111
2854294
2972181
3023125
3147717
3148766
3149004
3219004
3231475
3240580
3305476
3314719
3342990
3359680
3378818
3384214
3399942
3512437
3531341
3577335
3622473
3648961
3650399
3857301
3860680
3893667
3990549
4008370
4046094
4110114
4164725
4202452
4245493
4274058
4302116
4394751
4433231
4458708
4493369
4549563
4564926
4649193
4689164
4727692
4730582
4739091
4898972
4899579
5050158
5128910
5361106
5372239
5413135
5419227
5477278
5488807
5497326
5501297
5559075
5597070
5641088
5700660
5761536
5795132
5935701
6033635
6304376
6499136
6541836
6567877
6576414
6592254
6611071
6612957
6652493
6667732
6701613
6708542
6724540
6763451
6765860
6904541
6929770
7028046
7047371
7100315
7102669
7359083
7410241
7411993
7421716
7491486
7493664
7543724
7636210
7658283
7705917
7711142
7731815
7733408
7734480
7765624
7898682
7904116
7922114
7934724
8284426
8360733
8412524
8631335
8701838
8781602
8845654
8886003
8917243
8969277
8978049
9046381
9060599
9106360
9127422
9146996
9365442
9390341
9489536
9553854
9608455
9662734
9849356
9855502
9868951
9882618
9933651
10084981
10145437
10484537
10487541
10496935
10657722
10673823
10766711
10841495
10879130
10915843
11030468
11205211
11302236
11339012
11402236
11410250
11477397
11482789
11538032
11593405
11620623
11772173
11898379
11995768
12354786
12528493
12539357
12734523
12751413
12791280
12901390
13403348
13550725
13593340
13776616
14081791
14126452
14188457
14223892
14398945
14869434
15084956
15184063
15248140
15272601
15431227
15608592
15807263
16224701
16441737
16490921
16596027
16709959
16756628
16914739
17147503
17172989
17466163
17520276
17918553
18681271
18811776
18885278
19014273
19054991
19090377
19091696
19236366
19287563
19437370
19472452
19714435
19806804
20799390
20839685
20942700
21013544
21025687
21087065
21110543
21233681
21265411
21528214
22014625
22049882
22150222
22218879
22282232
22593765
22926212
23131375
23297489
23498540
23844893
24256039
24268016
24680851
24804525
25296847
25352990
25773743
25984616
26210494
26211734
26211791
26371115
26467761
26595087
26630770
26749595
26831413
27319407
27359594
27485126
27897469
28227567
28260627
28672414
28682220
28753659
28922436
29043450
29536305
29581261
29702896
30212193
30327446
30971350
30972898
31069919
31085725
31766319
32025875
32146850
32697964
32833909
33107977
33649417
33899835
34024117
34187501
35320796
37189635
37744733
38192083
39040673
39876765
40402817
40744740
40993662
41196792
45029296
46354248
46589954
46933081
47444380
47525043
48350624
49827924
50783338
52455922
