Chr04
142
153
165
167
182
216
237
327
1263
2685
5864
22886
118309
190580
241381
243242
263886
368893
428071
434846
577452
659489
699944
920920
1912724
1913019
2680827
3094812
3263688
3464525
3492692
3606832
3607706
4369490
4403993
4448553
4452015
4453143
5038807
5827891
6573604
6573996
7416223
7774515
8145425
8446062
8665243
8883116
8887089
9368477
9399581
9952218
10164960
11410296
11544988
15470179
16081074
16983007
17018021
17859594
17864074
18934220
19053538
19053794
20557247
21082111
21107904
22076014
22388276
24019961
24267981
24268006
24624953
27911848
39027527
40685054
the total of Chr04 is 76


