Chr01
173
237
265
689
792
7749
10890
31828
56918
278744
382902
1238497
1375846
1562655
1747374
1903705
2374907
2427029
2680510
2965133
3152801
3162567
3184385
3968024
4216919
6244587
6385643
6696956
7270053
7863668
7954489
8046715
8816875
9106204
9218845
9517873
9903530
11268854
11665494
12645010
13221185
13516123
13516129
13829397
15162485
15994409
16026048
16362281
16523765
17810838
17811243
18853411
19092447
19554507
19726613
20214366
21242862
21834013
21834298
23296641
27992433
28494536
29757141
30914520
35541757
38075380
38075643
39573408
46665058
47428008
the total of Chr00 is 70


