Chr015
112
123
161
198
210
229
263
625
1471
4965
10353
10440
30466
31534
33106
35551
37951
41396
54520
60340
62994
65183
65191
113300
113394
113634
114270
114549
114996
128762
129243
154703
159448
159957
162356
165384
169171
174081
174673
177741
177969
190042
198969
210435
216136
230928
289528
313827
334887
359693
365410
392180
392516
401920
407280
428407
483550
483699
486502
509891
513065
520583
565522
575724
654701
684647
717553
721784
2242605
2605295
2855054
3330860
3835155
4330070
4508905
5203615
5846372
6171311
6733603
6995046
7160947
7554443
7567108
7655281
7655530
7766294
8347872
8953173
8953583
9701614
9722253
9764603
10476338
10528418
10706727
12021339
13682483
13684627
14023386
14687088
14778552
16654192
16928958
20136553
21851676
23125333
23659091
32951596
36852211
37917607
38942574
39452613
the total of Chr015 is 112


