Chr     Start       End    Length
Chr01    340089  39913497  39573408
Chr01   1400166   1400855       689
Chr01   1821728   4502238   2680510
Chr01   2166451   8552094   6385643
Chr01   4208852  13315056   9106204
Chr01   4966819  12830487   7863668
Chr01   5310327  40852084  35541757
Chr01   6159489  34654025  28494536
Chr01   6486115  13756168   7270053
Chr01   6954501  36711642  29757141
Chr01   7150014  35142447  27992433
Chr01   7695328   7696120       792
Chr01   7754977   7755214       237
Chr01   7916931  16733806   8816875
Chr01   8229802  18133332   9903530
Chr01   8571755  11724556   3152801
Chr01   9033713  55698771  46665058
Chr01   9056364  56484372  47428008
Chr01   9119431   9127180      7749
Chr01  10124516  48200159  38075643
Chr01  10124649  48200029  38075380
Chr01  10410362  22075856  11665494
Chr01  10540297  30094804  19554507
Chr01  11076326  41990846  30914520
Chr01  12034472  25863869  13829397
Chr01  12200954  15385339   3184385
Chr01  12959026  13341928    382902
Chr01  16582550  23279506   6696956
Chr01  16674413  35766860  19092447
Chr01  17624449  19187104   1562655
Chr01  17719304  28988158  11268854
Chr01  18009946  31231131  13221185
Chr01  18039040  22007064   3968024
Chr01  18065875  21228442   3162567
Chr01  19588277  21335651   1747374
Chr01  20141886  41384748  21242862
Chr01  21054324  22430170   1375846
Chr01  21319170  36481655  15162485
Chr01  21751515  38275280  16523765
Chr01  21870010  21926928     56918
Chr01  22406988  42621354  20214366
Chr01  24912305  40906714  15994409
Chr01  25489741  25489914       173
Chr01  26756828  35975673   9218845
Chr01  28409863  31374996   2965133
Chr01  29522326  35766913   6244587
Chr01  30191487  53488128  23296641
Chr01  30619628  33046657   2427029
Chr01  30914436  32152933   1238497
Chr01  31624513  39579002   7954489
Chr01  31654386  53488684  21834298
Chr01  31654619  53488632  21834013
Chr01  32734796  40781511   8046715
Chr01  32735003  49097284  16362281
Chr01  32987560  46503689  13516129
Chr01  32987730  46503853  13516123
Chr01  33858589  46503599  12645010
Chr01  34358099  53211510  18853411
Chr01  34690599  37065506   2374907
Chr01  35648126  55374739  19726613
Chr01  35678293  53489536  17811243
Chr01  35678526  53489364  17810838
Chr01  37164672  37196500     31828
Chr01  39579405  49097278   9517873
Chr01  40222866  56248914  16026048
Chr01  42485258  42496148     10890
Chr01  42494768  42773512    278744
Chr01  46197367  50414286   4216919
Chr01  46505219  46505484       265
Chr01  53489319  55393024   1903705
Chr02   1387879  45030917  43643038
Chr02   3175267  27514659  24339392
Chr02   3332797  41565405  38232608
Chr02   4312686   4312854       168
Chr02   4901760  36616975  31715215
Chr02   5229718   5249739     20021
Chr02   6621746  24257866  17636120
Chr02   9121196  32694103  23572907
Chr02   9378468  36181178  26802710
Chr02  11259307  13759374   2500067
Chr02  17611274  17611391       117
Chr02  18018322  27125254   9106932
Chr02  18493250  29376674  10883424
Chr02  18778359  23340136   4561777
Chr02  18778475  23340063   4561588
Chr02  19823907  20256511    432604
Chr02  20528518  25026325   4497807
Chr02  21373568  33383715  12010147
Chr02  22482296  25654863   3172567
Chr02  23935684  38975733  15040049
Chr02  25434479  27981703   2547224
Chr02  27232450  32352025   5119575
Chr02  28860995  37468728   8607733
Chr02  31751725  34850340   3098615
Chr02  37406194  38929803   1523609
Chr02  45689013  45689315       302
Chr03     51668     53487      1819
Chr03   2068546   2263422    194876
Chr03   2615817   2658189     42372
Chr03   2617908   2657163     39255
Chr03   3059022   8796056   5737034
Chr03   3060586   8781475   5720889
Chr03   3270238  36087740  32817502
Chr03   3439494  33402261  29962767
Chr03   3439569  33402051  29962482
Chr03   3783890  18140337  14356447
Chr03   3784019  18140648  14356629
Chr03   3784020  18165128  14381108
Chr03   4028983   4054678     25695
Chr03   4029665   4200150    170485
Chr03   4044461   4169890    125429
Chr03   4075707   4877185    801478
Chr03   4123413   4794290    670877
Chr03   4123521   4794265    670744
Chr03   4123910   4831482    707572
Chr03   4125656   4914053    788397
Chr03   4149550   4934097    784547
Chr03   4158909   4874730    715821
Chr03   4169921   4802370    632449
Chr03   4170095   4802298    632203
Chr03   4199736   4597679    397943
Chr03   4200133   4794371    594238
Chr03   4200877   4855047    654170
Chr03   4201027   4793341    592314
Chr03   4218166   4904563    686397
Chr03   4219049   4903912    684863
Chr03   4332967  33315075  28982108
Chr03   7127654   7424769    297115
Chr03   7264577  20382803  13118226
Chr03   7264673  20382857  13118184
Chr03   9131151  19519514  10388363
Chr03   9326674   9326844       170
Chr03   9735575   9744317      8742
Chr03  10036954  39658284  29621330
Chr03  10217537  16587671   6370134
Chr03  10243680  32538543  22294863
Chr03  10918433  10921586      3153
Chr03  11540642  24083979  12543337
Chr03  11566597  11775247    208650
Chr03  11998223  15673941   3675718
Chr03  12217110  22025668   9808558
Chr03  12873783  27380082  14506299
Chr03  13091318  15959493   2868175
Chr03  13383428  15871284   2487856
Chr03  13800618  35021539  21220921
Chr03  14028541  34792108  20763567
Chr03  14096457  41744726  27648269
Chr03  14767572  14777678     10106
Chr03  14774500  14777896      3396
Chr03  16089540  20848557   4759017
Chr03  16116308  21349749   5233441
Chr03  18246323  28121923   9875600
Chr03  18246570  28122010   9875440
Chr03  20169475  24319152   4149677
Chr03  21676460  25159457   3482997
Chr03  21827847  35147331  13319484
Chr03  22217655  25061779   2844124
Chr03  23588135  24740598   1152463
Chr03  25222207  32872861   7650654
Chr03  26254406  37773275  11518869
Chr03  28610932  45433848  16822916
Chr03  28823241  40027208  11203967
Chr03  31649627  43902251  12252624
Chr03  34307319  34371184     63865
Chr03  35354466  35355194       728
Chr03  36256556  41795829   5539273
Chr03  38053610  38090440     36830
Chr03  38053805  38090233     36428
Chr03  40584332  42524733   1940401
Chr04   1062534  12472830  11410296
Chr04   2580534  27205487  24624953
Chr04   3109907   3110234       327
Chr04   4585828  45270882  40685054
Chr04   7411530  16076773   8665243
Chr04   9573826  33841832  24268006
Chr04   9573987  33841968  24267981
Chr04   9589842   9833084    243242
Chr04   9590630   9832011    241381
Chr04  10140279  10330859    190580
Chr04  10317937  34337898  24019961
Chr04  10354080  10355343      1263
Chr04  10637041  11071887    434846
Chr04  11554216  50581743  39027527
Chr04  11767818  15031506   3263688
Chr04  11820730  11823415      2685
Chr04  11823909  18397905   6573996
Chr04  11824122  18397726   6573604
Chr04  12716328  33798439  21082111
Chr04  13052371  13170680    118309
Chr04  13591750  41503598  27911848
Chr04  15617446  15617599       153
Chr04  16157770  20561763   4403993
Chr04  16842173  16842410       237
Chr04  18031402  21126214   3094812
Chr04  18647495  39755399  21107904
Chr04  19182288  27327713   8145425
Chr04  19712869  20140940    428071
Chr04  20001472  20001637       165
Chr04  20035647  39089441  19053794
Chr04  20035754  39089292  19053538
Chr04  20114877  22027896   1913019
Chr04  20115069  22027793   1912724
Chr04  21378749  43454763  22076014
Chr04  21577735  26029750   4452015
Chr04  21577735  26030878   4453143
Chr04  21578104  25947594   4369490
Chr04  21578220  26026773   4448553
Chr04  21822364  22743284    920920
Chr04  21954379  25562085   3607706
Chr04  21954456  25561288   3606832
Chr04  22031936  40966156  18934220
Chr04  22153871  39136878  16983007
Chr04  22237559  30683621   8446062
Chr04  22302000  32466960  10164960
Chr04  23060212  31947301   8887089
Chr04  23166198  43723445  20557247
Chr04  23166202  39247276  16081074
Chr04  24538921  32313436   7774515
Chr04  24637382  33520498   8883116
Chr04  24677076  29715883   5038807
Chr04  25558844  43422918  17864074
Chr04  25563450  43423044  17859594
Chr04  25894821  37439809  11544988
Chr04  25944067  35343648   9399581
Chr04  25975065  35343542   9368477
Chr04  26915616  34331839   7416223
Chr04  27550662  49938938  22388276
Chr04  28724395  29301847    577452
Chr04  29906833  33399525   3492692
Chr04  30670432  34134957   3464525
Chr04  31183375  41135593   9952218
Chr04  33842141  50860162  17018021
Chr04  33842234  33842376       142
Chr04  33843190  49313369  15470179
Chr04  33843691  33843873       182
Chr04  35074965  35075181       216
Chr04  37525091  38225035    699944
Chr04  38321130  44149021   5827891
Chr04  40286420  42967247   2680827
Chr04  41597892  41861778    263886
Chr04  41598102  42257591    659489
Chr04  42257796  42263660      5864
Chr04  46272626  46295512     22886
Chr04  46497843  46498010       167
Chr04  47465035  47833928    368893
Chr05   3703954  40466404  36762450
Chr05   4606515  31581794  26975279
Chr05   4917957  26781986  21864029
Chr05   5024543  36073044  31048501
Chr05   5753357  34732029  28978672
Chr05   5753594  34732035  28978441
Chr05   6758494  15000879   8242385
Chr05   7920115  12908723   4988608
Chr05   8974908  21734953  12760045
Chr05   9503134  29396209  19893075
Chr05  10510264  25213078  14702814
Chr05  10581875  10582081       206
Chr05  12624717  28964240  16339523
Chr05  13816739  23292175   9475436
Chr05  14104585  17876462   3771877
Chr05  14498718  29429625  14930907
Chr05  14965907  14966030       123
Chr05  14966069  37664226  22698157
Chr05  16230733  16943416    712683
Chr05  16230742  16939702    708960
Chr05  16251876  16945911    694035
Chr05  16253859  16943247    689388
Chr05  16253987  16941782    687795
Chr05  16254017  16731479    477462
Chr05  16261770  16943446    681676
Chr05  16261856  16961922    700066
Chr05  16262627  16946290    683663
Chr05  16270144  16945670    675526
Chr05  16274355  16943649    669294
Chr05  16312512  21724801   5412289
Chr05  16351723  16659894    308171
Chr05  16358625  21721022   5362397
Chr05  17654508  21043464   3388956
Chr05  18791666  20100027   1308361
Chr05  19079455  24450999   5371544
Chr05  19079559  24451107   5371548
Chr05  20142746  29477073   9334327
Chr05  20849541  29663761   8814220
Chr05  20888810  20891124      2314
Chr05  20888845  20891127      2282
Chr05  21720622  21847367    126745
Chr05  21724671  21844697    120026
Chr05  21732836  21755031     22195
Chr05  21733092  21756146     23054
Chr05  21733207  21755803     22596
Chr05  21733857  21755436     21579
Chr05  21734243  21755051     20808
Chr05  21734822  21755287     20465
Chr05  21734952  21755241     20289
Chr05  21739293  21764030     24737
Chr05  21740170  21760946     20776
Chr05  21747645  21760756     13111
Chr05  24322119  27949970   3627851
Chr05  28408465  29533313   1124848
Chr05  29019270  29030031     10761
Chr05  29582209  29583057       848
Chr05  33069459  33069669       210
Chr05  34061340  36879915   2818575
Chr05  36200077  36226767     26690
Chr05  39126565  39127493       928
Chr06   1427767   1437188      9421
Chr06   2807375   2807604       229
Chr06   4501082  39165736  34664654
Chr06   6592230  31520944  24928714
Chr06   8310249   8315359      5110
Chr06   9302366  43320615  34018249
Chr06  10014152  37361138  27346986
Chr06  11353873  16627464   5273591
Chr06  11544009  44224997  32680988
Chr06  11681878  19200015   7518137
Chr06  13184626  42062919  28878293
Chr06  14929949  16603404   1673455
Chr06  15453968  19729689   4275721
Chr06  16932341  16932550       209
Chr06  17606773  18396984    790211
Chr06  17645653  20154232   2508579
Chr06  17955632  48288967  30333335
Chr06  18626529  18628193      1664
Chr06  19555548  26278921   6723373
Chr06  20224416  26578372   6353956
Chr06  21366095  21738311    372216
Chr06  23309274  47118195  23808921
Chr06  23309334  47118511  23809177
Chr06  24828149  25757307    929158
Chr06  25128706  25791103    662397
Chr06  25851153  25920030     68877
Chr06  26395815  26415264     19449
Chr06  26804942  36811081  10006139
Chr06  27360428  29735382   2374954
Chr06  27738233  30234723   2496490
Chr06  28259006  28259218       212
Chr06  28542180  28564208     22028
Chr06  29863825  29864019       194
Chr06  30595988  30599574      3586
Chr06  30596112  30599490      3378
Chr06  30898245  33327918   2429673
Chr06  32910119  42785118   9874999
Chr06  33193567  41812015   8618448
Chr06  33291687  38007877   4716190
Chr06  33689552  34271548    581996
Chr06  34009730  37210404   3200674
Chr06  37476854  37613047    136193
Chr06  37537913  40732847   3194934
Chr06  39116877  43387755   4270878
Chr06  40629191  45261453   4632262
Chr06  41043257  41043428       171
Chr06  42951380  42951489       109
Chr06  43306909  47529125   4222216
Chr06  45088823  45731416    642593
Chr06  45808751  45809154       403
Chr06  46409344  46435382     26038
Chr06  47118339  47118492       153
Chr06  48670759  48740518     69759
Chr07     96868     97041       173
Chr07   1531379   1531889       510
Chr07   2167744  13733650  11565906
Chr07   3076215  25068024  21991809
Chr07   4933273  21761201  16827928
Chr07   5007319  41040004  36032685
Chr07   5561818   5834105    272287
Chr07   5563894   5832263    268369
Chr07   5564585   5831599    267014
Chr07   5571331   5866892    295561
Chr07   5575057   5820298    245241
Chr07   5600823   5894794    293971
Chr07   5600932   5825388    224456
Chr07   5602472   5824199    221727
Chr07   5602500   5893328    290828
Chr07   5704200   5820170    115970
Chr07   5704273   5889835    185562
Chr07   5718838   5894814    175976
Chr07   5719200   5868603    149403
Chr07   5719303   5868478    149175
Chr07   5719541   5825218    105677
Chr07   5725627   5888831    163204
Chr07   5967491   5968933      1442
Chr07   6049756  44323895  38274139
Chr07   7204797  30034070  22829273
Chr07   8906351  15665324   6758973
Chr07  10678215  13573346   2895131
Chr07  10763437  13758497   2995060
Chr07  13341223  13341399       176
Chr07  15437096  35472744  20035648
Chr07  20593369  31219625  10626256
Chr07  20747546  22542272   1794726
Chr07  20747551  22545297   1797746
Chr07  21995489  31213686   9218197
Chr07  22271360  24685018   2413658
Chr07  22282528  24690985   2408457
Chr07  22545370  22760062    214692
Chr07  23014372  25341378   2327006
Chr07  23165537  23246256     80719
Chr07  23168367  26109922   2941555
Chr07  23438354  28629666   5191312
Chr07  23523445  23598043     74598
Chr07  24619191  24621132      1941
Chr07  24619536  24621841      2305
Chr07  25804077  27329859   1525782
Chr07  25834987  27672101   1837114
Chr07  26532345  32754841   6222496
Chr07  26646230  30163514   3517284
Chr07  26692759  27582100    889341
Chr07  27808917  28169377    360460
Chr07  28457056  31827694   3370638
Chr07  33213473  42756903   9543430
Chr07  35472129  43914279   8442150
Chr08   1163911  23444344  22280433
Chr08   2050404  45393911  43343507
Chr08   4132348  21191670  17059322
Chr08   5535180   6835301   1300121
Chr08   6116328   6116598       270
Chr08   6309644  15321969   9012325
Chr08   8115139  19577663  11462524
Chr08  11108672  13365855   2257183
Chr08  11108821  13364912   2256091
Chr08  12253600  12254567       967
Chr08  12441300  14685952   2244652
Chr08  12749239  13328986    579747
Chr08  13198855  13199018       163
Chr08  13500148  18716199   5216051
Chr08  14244246  20617281   6373035
Chr08  16185310  36301327  20116017
Chr08  16453553  37362558  20909005
Chr08  18594547  39728712  21134165
Chr08  19402406  25290557   5888151
Chr08  19945239  47500592  27555353
Chr08  23524446  46524354  22999908
Chr08  24970956  28731678   3760722
Chr08  25775814  37600020  11824206
Chr08  27139622  41249562  14109940
Chr08  29383999  29449404     65405
Chr08  31064906  31095791     30885
Chr08  31663213  31663705       492
Chr08  31663390  31663539       149
Chr08  32400382  32400675       293
Chr08  38324575  38324722       147
Chr08  39310655  40577951   1267296
Chr08  41903713  41903844       131
Chr08  47421505  47421667       162
Chr09   1137471  41260067  40122596
Chr09   1203496  20485159  19281663
Chr09   1700206   1707991      7785
Chr09   2169352  48058999  45889647
Chr09   2240778   2241092       314
Chr09   2244625   2244772       147
Chr09   3732208  33304382  29572174
Chr09   5290080   5290246       166
Chr09   5290319  40342767  35052448
Chr09   5290371   5290499       128
Chr09   5290377  35889319  30598942
Chr09   6941430  14981495   8040065
Chr09   8347335  24283247  15935912
Chr09   8409415  47558926  39149511
Chr09   9354568  15449957   6095389
Chr09  10344382  49673000  39328618
Chr09  13565486  24654401  11088915
Chr09  13669215  15323182   1653967
Chr09  14723547  19944296   5220749
Chr09  16609004  46854675  30245671
Chr09  17646263  31609961  13963698
Chr09  21172222  21177510      5288
Chr09  22604779  26040788   3436009
Chr09  22711692  25658354   2946662
Chr09  23444955  24367094    922139
Chr09  25658360  25875157    216797
Chr09  26568066  47114222  20546156
Chr09  28445295  33828725   5383430
Chr09  28953180  42909203  13956023
Chr09  29608234  29618820     10586
Chr09  29976420  29980744      4324
Chr09  33307213  38824591   5517378
Chr09  33307661  38824235   5516574
Chr09  34689878  43604571   8914693
Chr09  38824279  38824398       119
Chr09  38824460  38824610       150
Chr09  39951289  40321919    370630
Chr09  41692283  45328012   3635729
Chr09  47221133  48670734   1449601
Chr10    269632  30866985  30597353
Chr10   3688589  34272397  30583808
Chr10   3817772  13413430   9595658
Chr10   3817800  13410971   9593171
Chr10   3818834  13410888   9592054
Chr10   3818884  13413315   9594431
Chr10   5541020  48351942  42810922
Chr10   5664296   5707807     43511
Chr10   6272958   9800778   3527820
Chr10   6306821   7385907   1079086
Chr10   6784434  23445373  16660939
Chr10   6878088   9389624   2511536
Chr10   8303183  28020599  19717416
Chr10  10309742  23563638  13253896
Chr10  10634984  13669217   3034233
Chr10  10804609  28368998  17564389
Chr10  10989736  15473233   4483497
Chr10  11550944  20978553   9427609
Chr10  11595582  11597450      1868
Chr10  11983963  11984082       119
Chr10  13421980  33338859  19916879
Chr10  13832081  18930697   5098616
Chr10  14174848  29406772  15231924
Chr10  14218436  14305422     86986
Chr10  14420909  18684432   4263523
Chr10  14542644  33137278  18594634
Chr10  14542822  34560273  20017451
Chr10  14724020  18643902   3919882
Chr10  14731200  18636765   3905565
Chr10  15060684  46191259  31130575
Chr10  16151267  33137442  16986175
Chr10  17057486  19009111   1951625
Chr10  17272759  29315793  12043034
Chr10  17333327  22407516   5074189
Chr10  18029400  50724931  32695531
Chr10  20661078  20661432       354
Chr10  22739621  28446741   5707120
Chr10  25449915  34295253   8845338
Chr10  26269577  33244675   6975098
Chr10  28418595  45933698  17515103
Chr10  30848366  38731663   7883297
Chr10  34522723  34526156      3433
Chr10  34525518  34525702       184
Chr10  34748974  34749140       166
Chr10  38325004  39823466   1498462
Chr10  39212024  50558873  11346849
Chr10  40345846  40346351       505
Chr10  41450359  41450501       142
Chr10  42341270  42351494     10224
Chr10  47549594  51150471   3600877
Chr10  48082048  48104796     22748
Chr11    369983    963957    593974
Chr11    391077  15363128  14972051
Chr11    963956   6090729   5126773
Chr11    963961  25378015  24414054
Chr11   1722498  28944351  27221853
Chr11   1816598  20078115  18261517
Chr11   3778644   3778767       123
Chr11   3952631   3952739       108
Chr11   4078020  33358255  29280235
Chr11   4800872  30552677  25751805
Chr11   8753831   8753958       127
Chr11   8839940  10972003   2132063
Chr11   8840059  10972066   2132007
Chr11   9916460   9916720       260
Chr11  11086709  11087773      1064
Chr11  11113690  12447696   1334006
Chr11  13185798  13574050    388252
Chr11  15042489  17092081   2049592
Chr11  15230789  15889159    658370
Chr11  16168374  16209053     40679
Chr11  16168387  16209056     40669
Chr11  16193619  33222308  17028689
Chr11  17043581  17643913    600332
Chr11  17781494  20178688   2397194
Chr11  18019332  18723103    703771
Chr11  18022117  18720314    698197
Chr11  18288685  18502436    213751
Chr11  18289103  18502280    213177
Chr11  18583168  33036041  14452873
Chr11  23314610  23319113      4503
Chr11  23837376  27184011   3346635
Chr11  26923861  28015540   1091679
Chr11  32552623  32561688      9065
Chr11  33087138  33089714      2576
Chr12   1326694   1327563       869
Chr12   2454122  11373249   8919127
Chr12   2566710  37050364  34483654
Chr12   3048017   3050124      2107
Chr12   3048074   3050171      2097
Chr12   4254574  24273250  20018676
Chr12   4303881   9169959   4866078
Chr12   5275256   5276825      1569
Chr12   5447183  22445236  16998053
Chr12   5627760  15945334  10317574
Chr12   7037593  21353631  14316038
Chr12   8494106  37442642  28948536
Chr12   9142720  20915095  11772375
Chr12   9824398   9825221       823
Chr12  11386533  32766880  21380347
Chr12  11494783  28796343  17301560
Chr12  11718866  11729709     10843
Chr12  12627945  18167737   5539792
Chr12  13595126  29096585  15501459
Chr12  14726889  14848005    121116
Chr12  14975740  14978533      2793
Chr12  17509140  28504412  10995272
Chr12  20294470  26588772   6294302
Chr12  22455560  22560346    104786
Chr12  23079204  23079471       267
Chr12  23388758  23388863       105
Chr12  24275194  33276028   9000834
Chr12  24275227  33275933   9000706
Chr12  24345820  36831073  12485253
Chr12  24535474  28784381   4248907
Chr12  25648511  38792206  13143695
Chr12  35480295  39184877   3704582
Chr12  35926514  35935075      8561
Chr12  37956883  37957122       239
Chr12  39184623  39192037      7414
Chr12  39184760  39193564      8804
Chr12  39184832  39184974       142
Chr12  39185240  39189278      4038
Chr12  39185483  39185698       215
Chr12  39186798  39187034       236
Chr12  39190554  39192490      1936
Chr12  39191887  39192022       135
Chr12  39191896  39192162       266
Chr12  39192551  39192680       129
Chr13     60965   1790158   1729193
Chr13    797217    834436     37219
Chr13    965048   2849876   1884828
Chr13   1154189  26185489  25031300
Chr13   1524351   1698297    173946
Chr13   4432509   6445664   2013155
Chr13   4899930   9201932   4302002
Chr13   4968740  12638651   7669911
Chr13   4971594  12638555   7666961
Chr13   5248090   5248299       209
Chr13   5510470  33191681  27681211
Chr13   7151856   9069476   1917620
Chr13   7358273  11593301   4235028
Chr13   7358337  16859279   9500942
Chr13   7358392  24997040  17638648
Chr13   7358878  44441666  37082788
Chr13   7848310  38997675  31149365
Chr13   8122439  17864590   9742151
Chr13   8373819   9438876   1065057
Chr13   8437266  32552391  24115125
Chr13   8610565  36546080  27935515
Chr13   8924388   9350806    426418
Chr13  11009331  29466807  18457476
Chr13  11685564  14490055   2804491
Chr13  15723631  30966835  15243204
Chr13  15828770  45761204  29932434
Chr13  16456420  23458579   7002159
Chr13  16734661  16734887       226
Chr13  16858766  16858915       149
Chr13  16858896  16859007       111
Chr13  17134851  19331576   2196725
Chr13  17156770  17156905       135
Chr13  18929293  19683291    753998
Chr13  19689665  38762852  19073187
Chr13  20280702  32987191  12706489
Chr13  21388966  33866608  12477642
Chr13  22747485  34238876  11491391
Chr13  22747879  22748038       159
Chr13  24376873  42574701  18197828
Chr13  24996434  24996728       294
Chr13  27011410  28182705   1171295
Chr13  27063802  34238881   7175079
Chr13  29439065  44926693  15487628
Chr13  29862455  30174986    312531
Chr13  29862702  30207431    344729
Chr13  30343405  30420345     76940
Chr13  30391409  30663782    272373
Chr13  30663689  30917936    254247
Chr13  31053292  31120840     67548
Chr13  31053483  31120657     67174
Chr13  33716701  33740528     23827
Chr13  37025216  43483983   6458767
Chr14    888467   1001831    113364
Chr14   3168474   3356759    188285
Chr14   3192138   3357534    165396
Chr14   3192219   3357123    164904
Chr14   3297230   3367519     70289
Chr14   4289204   6896801   2607597
Chr14   6333518   6399478     65960
Chr14   9422667  14412711   4990044
Chr14   9751004  38789739  29038735
Chr14  10377261  40196066  29818805
Chr14  10477939  17338340   6860401
Chr14  10599546  34619747  24020201
Chr14  10997698  21216046  10218348
Chr14  11684066  16009089   4325023
Chr14  11684104  16009194   4325090
Chr14  13015728  27432805  14417077
Chr14  13015892  27432683  14416791
Chr14  13444766  28096152  14651386
Chr14  14855628  29929261  15073633
Chr14  16009095  39235434  23226339
Chr14  16082048  16330442    248394
Chr14  16177457  34174959  17997502
Chr14  16604998  24857970   8252972
Chr14  16778384  48267300  31488916
Chr14  17729046  29842270  12113224
Chr14  18071018  18765380    694362
Chr14  19770510  38396738  18626228
Chr14  20131867  43698953  23567086
Chr14  22471306  31280506   8809200
Chr14  26515893  30601271   4085378
Chr14  28103175  40497584  12394409
Chr14  28103278  40497349  12394071
Chr14  28354088  38524632  10170544
Chr14  28998157  28998395       238
Chr14  29662099  29662321       222
Chr14  29941914  35532895   5590981
Chr14  29942321  35532888   5590567
Chr14  29946650  35532883   5586233
Chr14  29959699  35532870   5573171
Chr14  29995196  35532881   5537685
Chr14  29996363  35532781   5536418
Chr14  29996471  35532878   5536407
Chr14  29998552  35532898   5534346
Chr14  30144512  38697520   8553008
Chr14  30144540  38697418   8552878
Chr14  31640410  31640622       212
Chr14  32056775  37473356   5416581
Chr14  32058632  37460636   5402004
Chr14  35033100  35033293       193
Chr14  37240964  45928622   8687658
Chr14  38679262  39217343    538081
Chr14  42181136  43262974   1081838
Chr14  44981962  44982233       271
Chr14  45470794  45470892        98
Chr14  46955379  47047027     91648
Chr14  46995407  47047252     51845
Chr14  47013883  47050235     36352
Chr14  47016991  47047590     30599
Chr14  47017662  47046646     28984
Chr14  47048753  47196824    148071
Chr14  48944628  48993673     49045
Chr15    311954  20448507  20136553
Chr15    919277  15697829  14778552
Chr15   1768333   2175613    407280
Chr15   3052644  39904855  36852211
Chr15   3058317  26183650  23125333
Chr15   4760852   4761050       198
Chr15   6362437  45815050  39452613
Chr15   6517097  39468693  32951596
Chr15   7049710  44967317  37917607
Chr15   7252473  10107527   2855054
Chr15   7586338  24515296  16928958
Chr15   8462974  47405548  38942574
Chr15   9411279   9442813     31534
Chr15  13595451  23317704   9722253
Chr15  13595531  23297145   9701614
Chr15  13843727  13843990       263
Chr15  19390334  19390544       210
Chr15  19591696  19591808       112
Chr15  19595040  19595163       123
Chr15  21411007  21415972      4965
Chr15  21454746  45113837  23659091
Chr15  21462486  29810358   8347872
Chr15  22948456  22958809     10353
Chr15  23765382  23766853      1471
Chr15  23819336  23829776     10440
Chr15  23844223  30839269   6995046
Chr15  24329521  38352907  14023386
Chr15  24389419  35096146  10706727
Chr15  24464499  29668114   5203615
Chr15  24914235  46765911  21851676
Chr15  24962103  35490521  10528418
Chr15  24963126  28798281   3835155
Chr15  25275713  31122085   5846372
Chr15  26096431  38117770  12021339
Chr15  26135609  26313350    177741
Chr15  26145482  28750777   2605295
Chr15  26747659  37223997  10476338
Chr15  27954084  32462989   4508905
Chr15  28098428  42785516  14687088
Chr15  28133472  28851025    717553
Chr15  28285296  28850818    565522
Chr15  28329548  35490495   7160947
Chr15  28330129  28850712    520583
Chr15  28703201  37656784   8953583
Chr15  28703318  37656491   8953173
Chr15  28850786  42535413  13684627
Chr15  28850959  42533442  13682483
Chr15  29230463  36797571   7567108
Chr15  29243010  36797453   7554443
Chr15  29297141  36952671   7655530
Chr15  29297253  36952534   7655281
Chr15  30013579  30406095    392516
Chr15  30171717  30893501    721784
Chr15  30390743  37124346   6733603
Chr15  31097708  37269019   6171311
Chr15  31397919  48052111  16654192
Chr15  31402435  32087082    684647
Chr15  31613880  33856485   2242605
Chr15  31769953  35100813   3330860
Chr15  32587745  42352348   9764603
Chr15  38095001  38496921    401920
Chr15  38095096  38487276    392180
Chr15  38184484  38214950     30466
Chr15  38842772  39177659    334887
Chr15  38857835  39171662    313827
Chr15  38896907  39074876    177969
Chr15  38946600  39009594     62994
Chr15  38954508  39009028     54520
Chr15  38961618  39021958     60340
Chr15  38967628  39009024     41396
Chr15  38971112  39009063     37951
Chr15  38975917  39009023     33106
Chr15  39011208  39076399     65191
Chr15  39011329  39076512     65183
Chr15  39113311  39242073    128762
Chr15  39113507  39242750    129243
Chr15  39128309  39243305    114996
Chr15  39128315  39241709    113394
Chr15  39128320  39242590    114270
Chr15  39128441  39242990    114549
Chr15  39128485  39242119    113634
Chr15  39129836  39243136    113300
Chr15  39135810  39366738    230928
Chr15  39145761  39335803    190042
Chr15  39157013  39373149    216136
Chr15  39161256  39335929    174673
Chr15  39161849  39335930    174081
Chr15  39164491  39374926    210435
Chr15  39166649  39365618    198969
Chr15  39166761  39335932    169171
Chr15  39169505  39334889    165384
Chr15  39171525  39331482    159957
Chr15  39172761  39335117    162356
Chr15  39172921  39332369    159448
Chr15  39177670  39332373    154703
Chr15  39640320  47406614   7766294
Chr15  43211870  43866571    654701
Chr15  43287323  43800388    513065
Chr15  43288870  43798761    509891
Chr15  43289520  43865244    575724
Chr15  43380206  43866708    486502
Chr15  43380711  43746121    365410
Chr15  43541318  43830846    289528
Chr15  45103850  45587549    483699
Chr15  45103970  45587520    483550
Chr15  45159141  45587548    428407
Chr15  46658287  46658912       625
Chr15  46658562  46658791       229
Chr15  46765464  46765625       161
Chr15  46886321  47246014    359693
Chr15  47403234  51733304   4330070
Chr15  47583654  47619205     35551
Chr16   1304641   1367690     63049
Chr16   1502658  26911311  25408653
Chr16   3733002  22600971  18867969
Chr16   3930283  33502963  29572680
Chr16   6446498   6446647       149
Chr16   6447239   6447461       222
Chr16  10965446  24580574  13615128
Chr16  11430264  12337501    907237
Chr16  12484633  13259750    775117
Chr16  12484747  13259653    774906
Chr16  12535103  12536509      1406
Chr16  12560299  12779230    218931
Chr16  15264455  16045413    780958
Chr16  17952836  17974939     22103
Chr16  18663030  35783181  17120151
Chr16  19108557  19108739       182
Chr16  21374494  33287788  11913294
Chr16  21374508  33229760  11855252
Chr16  21417066  21464261     47195
Chr16  21417090  27558116   6141026
Chr16  21459619  32911880  11452261
Chr16  21588090  28829194   7241104
Chr16  25949963  30370232   4420269
Chr16  26096550  26101679      5129
Chr16  26097341  26100775      3434
Chr16  26241845  26277776     35931
Chr16  28016499  33167764   5151265
Chr16  28023596  36992911   8969315
Chr16  29725631  32168716   2443085
Chr16  33435384  33631249    195865
Chr16  33438109  33629687    191578
Chr16  33443972  33588064    144092
Chr16  33456572  33785842    329270
Chr16  33467764  33598669    130905
Chr16  33471180  33773609    302429
Chr16  33478390  33784374    305984
Chr16  33478395  33568455     90060
Chr16  33478421  33784435    306014
Chr16  33478569  33568416     89847
Chr16  33493851  33557002     63151
Chr16  33493851  33593145     99294
Chr16  33494309  33629387    135078
Chr16  33494460  33592932     98472
Chr16  33495312  33594245     98933
Chr16  34436548  35373244    936696
Chr16  34749192  35526797    777605
Chr16  34750443  35555485    805042
Chr17   3145985  22970936  19824951
Chr17   3436182  34940275  31504093
Chr17   3762221  19267094  15504873
Chr17   5033439   5038524      5085
Chr17   5543721  19105484  13561763
Chr17   6409642  35672170  29262528
Chr17   6409651  31264421  24854770
Chr17   6827398  23581400  16754002
Chr17   8071082  14634806   6563724
Chr17   8134378   8134554       176
Chr17   8230000  20679779  12449779
Chr17  13807015  41580298  27773283
Chr17  13824888  34414720  20589832
Chr17  15429216  35672276  20243060
Chr17  15673283  26320369  10647086
Chr17  17218847  21737548   4518701
Chr17  20758777  23895064   3136287
Chr17  20883555  34350843  13467288
Chr17  21705945  22358608    652663
Chr17  21772185  21772365       180
Chr17  21776090  22354398    578308
Chr17  21776330  22354281    577951
Chr17  21777347  22353722    576375
Chr17  21778332  22352593    574261
Chr17  21778624  22352455    573831
Chr17  23145926  23146034       108
Chr17  23572113  23591582     19469
Chr17  23586804  23592534      5730
Chr17  23595863  23596020       157
Chr17  23601110  23601260       150
Chr17  26889853  32138618   5248765
Chr17  27112574  27218634    106060
Chr17  28755145  28755696       551
Chr17  30675610  30675975       365
Chr17  34938033  34938140       107
Chr17  35672070  35672183       113
Chr18    155269  33818419  33663150
Chr18   1261353  41982564  40721211
Chr18   1330154   1966183    636029
Chr18   1983872  43505061  41521189
Chr18   4325808  45187213  40861405
Chr18   5430630   5430855       225
Chr18   6400503  53981895  47581392
Chr18   6529643   8379171   1849528
Chr18   6529800   8379162   1849362
Chr18   7470148  38300038  30829890
Chr18   7524569  33819849  26295280
Chr18   7973119   8725427    752308
Chr18   7976044   8634972    658928
Chr18   7999528   8564353    564825
Chr18   8087254   8706535    619281
Chr18   8228297   8816722    588425
Chr18   8301816   8606338    304522
Chr18   8514804  44161413  35646609
Chr18   8582445  15101794   6519349
Chr18  11149268  20716043   9566775
Chr18  11520500  43637665  32117165
Chr18  11938462  43725916  31787454
Chr18  12263009  33820720  21557711
Chr18  14773599  33818803  19045204
Chr18  15326621  16032596    705975
Chr18  15603623  39099214  23495591
Chr18  15613722  15615160      1438
Chr18  15613921  15615045      1124
Chr18  16090469  45423447  29332978
Chr18  16365789  42364149  25998360
Chr18  17028690  29128141  12099451
Chr18  17802921  36076731  18273810
Chr18  18800265  33723177  14922912
Chr18  18818445  33722613  14904168
Chr18  18819270  40066902  21247632
Chr18  18819423  26803595   7984172
Chr18  18819551  33723185  14903634
Chr18  18820034  40067026  21246992
Chr18  19317931  54153970  34836039
Chr18  20406216  26860016   6453800
Chr18  22014276  38992726  16978450
Chr18  24577865  34339803   9761938
Chr18  24716854  47278721  22561867
Chr18  24916323  24920190      3867
Chr18  25244633  52571634  27327001
Chr18  25680626  35585771   9905145
Chr18  27251990  33744475   6492485
Chr18  29039136  29041052      1916
Chr18  29671610  29970253    298643
Chr18  30767256  41635506  10868250
Chr18  31017367  33461298   2443931
Chr18  31264188  41782135  10517947
Chr18  31791636  40704658   8913022
Chr18  31791636  40706753   8915117
Chr18  31791636  40709097   8917461
Chr18  31791744  40707961   8916217
Chr18  32148773  32617042    468269
Chr18  32946762  33329462    382700
Chr18  32973046  33330161    357115
Chr18  32973230  33330516    357286
Chr18  32973242  33372929    399687
Chr18  33074636  33334886    260250
Chr18  33461387  33863120    401733
Chr18  33818037  33818265       228
Chr18  33818127  33818271       144
Chr18  33878445  35996410   2117965
Chr18  35298883  45187285   9888402
Chr18  36707189  39389916   2682727
Chr18  38488319  48206474   9718155
Chr18  38946462  41348897   2402435
Chr18  45561722  48595733   3034011
Chr18  47317125  50746143   3429018
Chr18  48399611  56199173   7799562
Chr18  51252166  51271062     18896
Chr18  51252576  51273580     21004
Chr18  54458837  54458990       153
Chr18  54614775  54614958       183
Chr18  55345702  55440363     94661
Chr18  55345809  55440100     94291
Chr18  55346237  55426320     80083
Chr18  55346453  55439476     93023
Chr18  55368756  55467822     99066
Chr18  55369615  55425761     56146
Chr18  55370980  55439580     68600
Chr18  55370993  55426083     55090
Chr18  55414188  55426075     11887
Chr18  55414291  55439442     25151
Chr18  56117914  56248521    130607
Chr19     32052     32718       666
Chr19   1435735  48258853  46823118
Chr19   1671551  33825778  32154227
Chr19   1861572  30137239  28275667
Chr19   6895304  29676073  22780769
Chr19   7095904   7669596    573692
Chr19   8043028   8296964    253936
Chr19   8719255  41959885  33240630
Chr19   9101201  30057898  20956697
Chr19   9149997   9162656     12659
Chr19   9767987  13969301   4201314
Chr19  10021341  10477882    456541
Chr19  10176967  10181379      4412
Chr19  10176988  10181413      4425
Chr19  10638248  17725116   7086868
Chr19  10733177  15793773   5060596
Chr19  11062607  11064263      1656
Chr19  11062815  11063473       658
Chr19  11116801  11691760    574959
Chr19  11367687  11732571    364884
Chr19  11434741  11735237    300496
Chr19  11540050  11800534    260484
Chr19  11541344  11839125    297781
Chr19  11541691  11800367    258676
Chr19  11815485  19232498   7417013
Chr19  12116842  19056162   6939320
Chr19  13164815  23605616  10440801
Chr19  13164819  23613544  10448725
Chr19  13371950  24571435  11199485
Chr19  15885441  17356632   1471191
Chr19  15909691  15911590      1899
Chr19  15918714  20970591   5051877
Chr19  17002983  18719563   1716580
Chr19  17009211  20044109   3034898
Chr19  18242758  22964864   4722106
Chr19  18952631  21298813   2346182
Chr19  19200195  21813350   2613155
Chr19  20022658  20028451      5793
Chr19  20022788  20028315      5527
Chr19  20078614  20086953      8339
Chr19  20078757  21162174   1083417
Chr19  20534443  24508675   3974232
Chr19  21654799  22197641    542842
Chr19  22397979  22718486    320507
Chr19  22540168  25130476   2590308
Chr19  22872828  22874953      2125
Chr19  22872864  22875005      2141
Chr19  23220128  24268295   1048167
Chr19  23361866  31516319   8154453
Chr19  26262516  26265287      2771
Chr19  26262873  26270334      7461
Chr19  27529157  39858698  12329541
Chr19  27878954  32256006   4377052
Chr19  29198216  30146200    947984
Chr19  29777843  33558583   3780740
Chr19  30579376  39538687   8959311
Chr19  34517849  35057804    539955
Chr19  35268286  35272886      4600
Chr19  36329258  36329679       421
Chr19  36646145  36647595      1450
Chr19  39254345  39254498       153
Chr19  39709759  39833781    124022
Chr19  41690070  46021383   4331313
Chr19  43986003  49853725   5867722
Chr19  45636107  48035269   2399162
Chr19  47864475  47913811     49336
Chr19  47928329  50283763   2355434
Chr20    987903    989310      1407
Chr20    988105    989099       994
Chr20   1597827   8415270   6817443
Chr20   1634616   3816586   2181970
Chr20   2579324   8825194   6245870
Chr20   5221554   6516313   1294759
Chr20   5224790   6511703   1286913
Chr20   5671964  28795210  23123246
Chr20   5710233  13624051   7913818
Chr20   6338140  11257269   4919129
Chr20   6693111  38712690  32019579
Chr20   8415283   8415397       114
Chr20   8415593   8415777       184
Chr20   9094244  10042841    948597
Chr20  11257366  24634952  13377586
Chr20  11417713  11418357       644
Chr20  11417863  11418165       302
Chr20  11660792  15913904   4253112
Chr20  13177811  30999926  17822115
Chr20  14371365  16401871   2030506
Chr20  14714352  16232084   1517732
Chr20  14918570  18760739   3842169
Chr20  14918606  18760635   3842029
Chr20  15001238  27096086  12094848
Chr20  16518764  16525104      6340
Chr20  17055720  30847378  13791658
Chr20  17055891  30847449  13791558
Chr20  18547982  27099323   8551341
Chr20  18948697  27553480   8604783
Chr20  19938308  20264285    325977
Chr20  19940179  28413903   8473724
Chr20  20339782  26158198   5818416
Chr20  21077755  35803086  14725331
Chr20  21117393  32029598  10912205
Chr20  22861462  45904983  23043521
Chr20  24494406  30847324   6352918
Chr20  25954811  26591993    637182
Chr20  28387604  31105244   2717640
Chr20  28470525  28471922      1397
Chr20  30474996  35090400   4615404
Chr20  33539729  33539907       178
Chr20  34813989  34981612    167623
Chr20  35520702  35975862    455160
Chr20  36516686  36516920       234
Chr20  38676223  38689409     13186
Chr20  41157313  43614573   2457260
Chr20  47137595  47137721       126
scaffold_21    613516    614750      1234
scaffold_21    613640    614635       995
scaffold_27    205969    215811      9842
scaffold_35     89306    194116    104810
scaffold_35    122327    143030     20703
scaffold_35    243750    367488    123738
scaffold_43       804    243023    242219
scaffold_43     36347    245357    209010
scaffold_43     78186    242140    163954
scaffold_44    103212    103324       112
scaffold_48      6164    335473    329309
scaffold_48      6662    336259    329597
scaffold_48     30853    300905    270052
scaffold_50     89256    152599     63343
scaffold_54     85024    191113    106089
scaffold_55     19859    136648    116789
scaffold_55     20469    134896    114427
scaffold_55     23408    132823    109415
scaffold_60      6813    161642    154829
scaffold_2080       155       267       112
scaffold_2080       155       267       112
